Datum (Ortszeit);Stunde des Tages (Ortszeit);Vollständigkeit;ZScore_Det0;ZScore_Det1;ZScore_Det2;hist_cor;localTime;month;qkfz;qlkw;qpkw;utc;vkfz;vlkw;vpkw
2024-03-01;0;NaN;NaN;NaN;NaN;NaN;NaN;NaN;NaN;NaN;NaN;2024-02-29 23:00:00+00:00;NaN;NaN;NaN
2024-03-01;1;NaN;NaN;NaN;NaN;NaN;NaN;NaN;NaN;NaN;NaN;2024-03-01 00:00:00+00:00;NaN;NaN;NaN
2024-03-01;2;NaN;NaN;NaN;NaN;NaN;NaN;NaN;NaN;NaN;NaN;2024-03-01 01:00:00+00:00;NaN;NaN;NaN
2024-03-01;3;NaN;NaN;NaN;NaN;NaN;NaN;NaN;NaN;NaN;NaN;2024-03-01 02:00:00+00:00;NaN;NaN;NaN
2024-03-01;4;NaN;NaN;NaN;NaN;NaN;NaN;NaN;NaN;NaN;NaN;2024-03-01 03:00:00+00:00;NaN;NaN;NaN
2024-03-01;5;NaN;NaN;NaN;NaN;NaN;NaN;NaN;NaN;NaN;NaN;2024-03-01 04:00:00+00:00;NaN;NaN;NaN
2024-03-01;6;NaN;NaN;NaN;NaN;NaN;NaN;NaN;NaN;NaN;NaN;2024-03-01 05:00:00+00:00;NaN;NaN;NaN
2024-03-01;7;NaN;NaN;NaN;NaN;NaN;NaN;NaN;NaN;NaN;NaN;2024-03-01 06:00:00+00:00;NaN;NaN;NaN
2024-03-01;8;NaN;NaN;NaN;NaN;NaN;NaN;NaN;NaN;NaN;NaN;2024-03-01 07:00:00+00:00;NaN;NaN;NaN
2024-03-01;9;NaN;NaN;NaN;NaN;NaN;NaN;NaN;NaN;NaN;NaN;2024-03-01 08:00:00+00:00;NaN;NaN;NaN
2024-03-01;10;NaN;NaN;NaN;NaN;NaN;NaN;NaN;NaN;NaN;NaN;2024-03-01 09:00:00+00:00;NaN;NaN;NaN
2024-03-01;11;NaN;NaN;NaN;NaN;NaN;NaN;NaN;NaN;NaN;NaN;2024-03-01 10:00:00+00:00;NaN;NaN;NaN
2024-03-01;12;NaN;NaN;NaN;NaN;NaN;NaN;NaN;NaN;NaN;NaN;2024-03-01 11:00:00+00:00;NaN;NaN;NaN
2024-03-01;13;NaN;NaN;NaN;NaN;NaN;NaN;NaN;NaN;NaN;NaN;2024-03-01 12:00:00+00:00;NaN;NaN;NaN
2024-03-01;14;NaN;NaN;NaN;NaN;NaN;NaN;NaN;NaN;NaN;NaN;2024-03-01 13:00:00+00:00;NaN;NaN;NaN
2024-03-01;15;NaN;NaN;NaN;NaN;NaN;NaN;NaN;NaN;NaN;NaN;2024-03-01 14:00:00+00:00;NaN;NaN;NaN
2024-03-01;16;NaN;NaN;NaN;NaN;NaN;NaN;NaN;NaN;NaN;NaN;2024-03-01 15:00:00+00:00;NaN;NaN;NaN
2024-03-01;17;NaN;NaN;NaN;NaN;NaN;NaN;NaN;NaN;NaN;NaN;2024-03-01 16:00:00+00:00;NaN;NaN;NaN
2024-03-01;18;NaN;NaN;NaN;NaN;NaN;NaN;NaN;NaN;NaN;NaN;2024-03-01 17:00:00+00:00;NaN;NaN;NaN
2024-03-01;19;NaN;NaN;NaN;NaN;NaN;NaN;NaN;NaN;NaN;NaN;2024-03-01 18:00:00+00:00;NaN;NaN;NaN
2024-03-01;20;NaN;NaN;NaN;NaN;NaN;NaN;NaN;NaN;NaN;NaN;2024-03-01 19:00:00+00:00;NaN;NaN;NaN
2024-03-01;21;NaN;NaN;NaN;NaN;NaN;NaN;NaN;NaN;NaN;NaN;2024-03-01 20:00:00+00:00;NaN;NaN;NaN
2024-03-01;22;NaN;NaN;NaN;NaN;NaN;NaN;NaN;NaN;NaN;NaN;2024-03-01 21:00:00+00:00;NaN;NaN;NaN
2024-03-02;0;NaN;NaN;NaN;NaN;NaN;NaN;NaN;NaN;NaN;NaN;2024-03-01 23:00:00+00:00;NaN;NaN;NaN
2024-03-02;1;NaN;NaN;NaN;NaN;NaN;NaN;NaN;NaN;NaN;NaN;2024-03-02 00:00:00+00:00;NaN;NaN;NaN
2024-03-02;2;NaN;NaN;NaN;NaN;NaN;NaN;NaN;NaN;NaN;NaN;2024-03-02 01:00:00+00:00;NaN;NaN;NaN
2024-03-02;3;NaN;NaN;NaN;NaN;NaN;NaN;NaN;NaN;NaN;NaN;2024-03-02 02:00:00+00:00;NaN;NaN;NaN
2024-03-02;4;NaN;NaN;NaN;NaN;NaN;NaN;NaN;NaN;NaN;NaN;2024-03-02 03:00:00+00:00;NaN;NaN;NaN
2024-03-02;5;NaN;NaN;NaN;NaN;NaN;NaN;NaN;NaN;NaN;NaN;2024-03-02 04:00:00+00:00;NaN;NaN;NaN
2024-03-02;6;NaN;NaN;NaN;NaN;NaN;NaN;NaN;NaN;NaN;NaN;2024-03-02 05:00:00+00:00;NaN;NaN;NaN
2024-03-02;7;NaN;NaN;NaN;NaN;NaN;NaN;NaN;NaN;NaN;NaN;2024-03-02 06:00:00+00:00;NaN;NaN;NaN
2024-03-02;8;NaN;NaN;NaN;NaN;NaN;NaN;NaN;NaN;NaN;NaN;2024-03-02 07:00:00+00:00;NaN;NaN;NaN
2024-03-02;9;NaN;NaN;NaN;NaN;NaN;NaN;NaN;NaN;NaN;NaN;2024-03-02 08:00:00+00:00;NaN;NaN;NaN
2024-03-02;10;NaN;NaN;NaN;NaN;NaN;NaN;NaN;NaN;NaN;NaN;2024-03-02 09:00:00+00:00;NaN;NaN;NaN
2024-03-02;11;NaN;NaN;NaN;NaN;NaN;NaN;NaN;NaN;NaN;NaN;2024-03-02 10:00:00+00:00;NaN;NaN;NaN
2024-03-02;12;NaN;NaN;NaN;NaN;NaN;NaN;NaN;NaN;NaN;NaN;2024-03-02 11:00:00+00:00;NaN;NaN;NaN
2024-03-02;13;NaN;NaN;NaN;NaN;NaN;NaN;NaN;NaN;NaN;NaN;2024-03-02 12:00:00+00:00;NaN;NaN;NaN
2024-03-02;14;NaN;NaN;NaN;NaN;NaN;NaN;NaN;NaN;NaN;NaN;2024-03-02 13:00:00+00:00;NaN;NaN;NaN
2024-03-02;15;NaN;NaN;NaN;NaN;NaN;NaN;NaN;NaN;NaN;NaN;2024-03-02 14:00:00+00:00;NaN;NaN;NaN
2024-03-02;16;NaN;NaN;NaN;NaN;NaN;NaN;NaN;NaN;NaN;NaN;2024-03-02 15:00:00+00:00;NaN;NaN;NaN
2024-03-02;17;NaN;NaN;NaN;NaN;NaN;NaN;NaN;NaN;NaN;NaN;2024-03-02 16:00:00+00:00;NaN;NaN;NaN
2024-03-02;18;NaN;NaN;NaN;NaN;NaN;NaN;NaN;NaN;NaN;NaN;2024-03-02 17:00:00+00:00;NaN;NaN;NaN
2024-03-02;19;NaN;NaN;NaN;NaN;NaN;NaN;NaN;NaN;NaN;NaN;2024-03-02 18:00:00+00:00;NaN;NaN;NaN
2024-03-02;20;NaN;NaN;NaN;NaN;NaN;NaN;NaN;NaN;NaN;NaN;2024-03-02 19:00:00+00:00;NaN;NaN;NaN
2024-03-02;21;NaN;NaN;NaN;NaN;NaN;NaN;NaN;NaN;NaN;NaN;2024-03-02 20:00:00+00:00;NaN;NaN;NaN
2024-03-02;22;NaN;NaN;NaN;NaN;NaN;NaN;NaN;NaN;NaN;NaN;2024-03-02 21:00:00+00:00;NaN;NaN;NaN
2024-03-03;0;NaN;NaN;NaN;NaN;NaN;NaN;NaN;NaN;NaN;NaN;2024-03-02 23:00:00+00:00;NaN;NaN;NaN
2024-03-03;1;NaN;NaN;NaN;NaN;NaN;NaN;NaN;NaN;NaN;NaN;2024-03-03 00:00:00+00:00;NaN;NaN;NaN
2024-03-03;2;NaN;NaN;NaN;NaN;NaN;NaN;NaN;NaN;NaN;NaN;2024-03-03 01:00:00+00:00;NaN;NaN;NaN
2024-03-03;3;NaN;NaN;NaN;NaN;NaN;NaN;NaN;NaN;NaN;NaN;2024-03-03 02:00:00+00:00;NaN;NaN;NaN
2024-03-03;4;NaN;NaN;NaN;NaN;NaN;NaN;NaN;NaN;NaN;NaN;2024-03-03 03:00:00+00:00;NaN;NaN;NaN
2024-03-03;5;NaN;NaN;NaN;NaN;NaN;NaN;NaN;NaN;NaN;NaN;2024-03-03 04:00:00+00:00;NaN;NaN;NaN
2024-03-03;6;NaN;NaN;NaN;NaN;NaN;NaN;NaN;NaN;NaN;NaN;2024-03-03 05:00:00+00:00;NaN;NaN;NaN
2024-03-03;7;NaN;NaN;NaN;NaN;NaN;NaN;NaN;NaN;NaN;NaN;2024-03-03 06:00:00+00:00;NaN;NaN;NaN
2024-03-03;8;NaN;NaN;NaN;NaN;NaN;NaN;NaN;NaN;NaN;NaN;2024-03-03 07:00:00+00:00;NaN;NaN;NaN
2024-03-03;9;NaN;NaN;NaN;NaN;NaN;NaN;NaN;NaN;NaN;NaN;2024-03-03 08:00:00+00:00;NaN;NaN;NaN
2024-03-03;10;NaN;NaN;NaN;NaN;NaN;NaN;NaN;NaN;NaN;NaN;2024-03-03 09:00:00+00:00;NaN;NaN;NaN
2024-03-03;11;NaN;NaN;NaN;NaN;NaN;NaN;NaN;NaN;NaN;NaN;2024-03-03 10:00:00+00:00;NaN;NaN;NaN
2024-03-03;12;NaN;NaN;NaN;NaN;NaN;NaN;NaN;NaN;NaN;NaN;2024-03-03 11:00:00+00:00;NaN;NaN;NaN
2024-03-03;13;NaN;NaN;NaN;NaN;NaN;NaN;NaN;NaN;NaN;NaN;2024-03-03 12:00:00+00:00;NaN;NaN;NaN
2024-03-03;14;NaN;NaN;NaN;NaN;NaN;NaN;NaN;NaN;NaN;NaN;2024-03-03 13:00:00+00:00;NaN;NaN;NaN
2024-03-03;15;NaN;NaN;NaN;NaN;NaN;NaN;NaN;NaN;NaN;NaN;2024-03-03 14:00:00+00:00;NaN;NaN;NaN
2024-03-03;16;NaN;NaN;NaN;NaN;NaN;NaN;NaN;NaN;NaN;NaN;2024-03-03 15:00:00+00:00;NaN;NaN;NaN
2024-03-03;17;NaN;NaN;NaN;NaN;NaN;NaN;NaN;NaN;NaN;NaN;2024-03-03 16:00:00+00:00;NaN;NaN;NaN
2024-03-03;18;NaN;NaN;NaN;NaN;NaN;NaN;NaN;NaN;NaN;NaN;2024-03-03 17:00:00+00:00;NaN;NaN;NaN
2024-03-03;19;NaN;NaN;NaN;NaN;NaN;NaN;NaN;NaN;NaN;NaN;2024-03-03 18:00:00+00:00;NaN;NaN;NaN
2024-03-03;20;NaN;NaN;NaN;NaN;NaN;NaN;NaN;NaN;NaN;NaN;2024-03-03 19:00:00+00:00;NaN;NaN;NaN
2024-03-03;21;NaN;NaN;NaN;NaN;NaN;NaN;NaN;NaN;NaN;NaN;2024-03-03 20:00:00+00:00;NaN;NaN;NaN
2024-03-03;22;NaN;NaN;NaN;NaN;NaN;NaN;NaN;NaN;NaN;NaN;2024-03-03 21:00:00+00:00;NaN;NaN;NaN
2024-03-03;23;NaN;NaN;NaN;NaN;NaN;NaN;NaN;NaN;NaN;NaN;2024-03-03 22:00:00+00:00;NaN;NaN;NaN
2024-03-03;12;58.00;-0.82;-2.77;0.00;0.82;2024-03-03 12:00:00+01:00;3.00;245.00;0.00;245.00;2024-03-03 11:00:00+00:00;28.00;NaN;28.00
2024-03-03;13;100.00;-0.82;-2.77;0.00;0.82;2024-03-03 13:00:00+01:00;3.00;259.00;1.00;258.00;2024-03-03 12:00:00+00:00;32.00;36.00;32.00
2024-03-03;14;100.00;-0.82;-2.77;0.00;0.82;2024-03-03 14:00:00+01:00;3.00;304.00;7.00;297.00;2024-03-03 13:00:00+00:00;34.00;36.00;34.00
2024-03-03;15;100.00;-0.82;-2.77;0.00;0.82;2024-03-03 15:00:00+01:00;3.00;265.00;4.00;261.00;2024-03-03 14:00:00+00:00;33.00;35.00;33.00
2024-03-03;16;100.00;-0.82;-2.77;0.00;0.82;2024-03-03 16:00:00+01:00;3.00;269.00;6.00;263.00;2024-03-03 15:00:00+00:00;31.00;33.00;31.00
2024-03-03;17;100.00;-0.82;-2.77;0.00;0.82;2024-03-03 17:00:00+01:00;3.00;283.00;1.00;282.00;2024-03-03 16:00:00+00:00;28.00;24.00;28.00
2024-03-03;18;100.00;-0.82;-2.77;0.00;0.82;2024-03-03 18:00:00+01:00;3.00;245.00;0.00;245.00;2024-03-03 17:00:00+00:00;29.00;NaN;29.00
2024-03-03;19;100.00;-0.82;-2.77;0.00;0.82;2024-03-03 19:00:00+01:00;3.00;233.00;0.00;233.00;2024-03-03 18:00:00+00:00;21.00;NaN;21.00
2024-03-03;20;100.00;-0.82;-2.77;0.00;0.82;2024-03-03 20:00:00+01:00;3.00;208.00;1.00;207.00;2024-03-03 19:00:00+00:00;25.00;26.00;25.00
2024-03-03;21;100.00;-0.82;-2.77;0.00;0.82;2024-03-03 21:00:00+01:00;3.00;169.00;0.00;169.00;2024-03-03 20:00:00+00:00;23.00;NaN;23.00
2024-03-03;22;100.00;-0.82;-2.77;0.00;0.82;2024-03-03 22:00:00+01:00;3.00;124.00;1.00;123.00;2024-03-03 21:00:00+00:00;30.00;33.00;30.00
2024-03-03;23;100.00;-0.82;-2.77;0.00;0.82;2024-03-03 23:00:00+01:00;3.00;84.00;0.00;84.00;2024-03-03 22:00:00+00:00;24.00;NaN;24.00
2024-03-04;0;NaN;NaN;NaN;NaN;NaN;NaN;NaN;NaN;NaN;NaN;2024-03-03 23:00:00+00:00;NaN;NaN;NaN
2024-03-04;1;NaN;NaN;NaN;NaN;NaN;NaN;NaN;NaN;NaN;NaN;2024-03-04 00:00:00+00:00;NaN;NaN;NaN
2024-03-04;2;NaN;NaN;NaN;NaN;NaN;NaN;NaN;NaN;NaN;NaN;2024-03-04 01:00:00+00:00;NaN;NaN;NaN
2024-03-04;3;NaN;NaN;NaN;NaN;NaN;NaN;NaN;NaN;NaN;NaN;2024-03-04 02:00:00+00:00;NaN;NaN;NaN
2024-03-04;4;NaN;NaN;NaN;NaN;NaN;NaN;NaN;NaN;NaN;NaN;2024-03-04 03:00:00+00:00;NaN;NaN;NaN
2024-03-04;5;NaN;NaN;NaN;NaN;NaN;NaN;NaN;NaN;NaN;NaN;2024-03-04 04:00:00+00:00;NaN;NaN;NaN
2024-03-04;6;NaN;NaN;NaN;NaN;NaN;NaN;NaN;NaN;NaN;NaN;2024-03-04 05:00:00+00:00;NaN;NaN;NaN
2024-03-04;7;NaN;NaN;NaN;NaN;NaN;NaN;NaN;NaN;NaN;NaN;2024-03-04 06:00:00+00:00;NaN;NaN;NaN
2024-03-04;8;NaN;NaN;NaN;NaN;NaN;NaN;NaN;NaN;NaN;NaN;2024-03-04 07:00:00+00:00;NaN;NaN;NaN
2024-03-04;9;NaN;NaN;NaN;NaN;NaN;NaN;NaN;NaN;NaN;NaN;2024-03-04 08:00:00+00:00;NaN;NaN;NaN
2024-03-04;10;NaN;NaN;NaN;NaN;NaN;NaN;NaN;NaN;NaN;NaN;2024-03-04 09:00:00+00:00;NaN;NaN;NaN
2024-03-04;11;NaN;NaN;NaN;NaN;NaN;NaN;NaN;NaN;NaN;NaN;2024-03-04 10:00:00+00:00;NaN;NaN;NaN
2024-03-04;12;NaN;NaN;NaN;NaN;NaN;NaN;NaN;NaN;NaN;NaN;2024-03-04 11:00:00+00:00;NaN;NaN;NaN
2024-03-04;13;NaN;NaN;NaN;NaN;NaN;NaN;NaN;NaN;NaN;NaN;2024-03-04 12:00:00+00:00;NaN;NaN;NaN
2024-03-04;14;NaN;NaN;NaN;NaN;NaN;NaN;NaN;NaN;NaN;NaN;2024-03-04 13:00:00+00:00;NaN;NaN;NaN
2024-03-04;15;NaN;NaN;NaN;NaN;NaN;NaN;NaN;NaN;NaN;NaN;2024-03-04 14:00:00+00:00;NaN;NaN;NaN
2024-03-04;16;NaN;NaN;NaN;NaN;NaN;NaN;NaN;NaN;NaN;NaN;2024-03-04 15:00:00+00:00;NaN;NaN;NaN
2024-03-04;17;NaN;NaN;NaN;NaN;NaN;NaN;NaN;NaN;NaN;NaN;2024-03-04 16:00:00+00:00;NaN;NaN;NaN
2024-03-04;18;NaN;NaN;NaN;NaN;NaN;NaN;NaN;NaN;NaN;NaN;2024-03-04 17:00:00+00:00;NaN;NaN;NaN
2024-03-04;19;NaN;NaN;NaN;NaN;NaN;NaN;NaN;NaN;NaN;NaN;2024-03-04 18:00:00+00:00;NaN;NaN;NaN
2024-03-04;20;NaN;NaN;NaN;NaN;NaN;NaN;NaN;NaN;NaN;NaN;2024-03-04 19:00:00+00:00;NaN;NaN;NaN
2024-03-04;21;NaN;NaN;NaN;NaN;NaN;NaN;NaN;NaN;NaN;NaN;2024-03-04 20:00:00+00:00;NaN;NaN;NaN
2024-03-04;22;NaN;NaN;NaN;NaN;NaN;NaN;NaN;NaN;NaN;NaN;2024-03-04 21:00:00+00:00;NaN;NaN;NaN
2024-03-04;23;NaN;NaN;NaN;NaN;NaN;NaN;NaN;NaN;NaN;NaN;2024-03-04 22:00:00+00:00;NaN;NaN;NaN
2024-03-04;0;100.00;-0.82;-2.77;0.00;0.82;2024-03-04 00:00:00+01:00;3.00;76.00;0.00;76.00;2024-03-03 23:00:00+00:00;24.00;NaN;24.00
2024-03-04;1;100.00;-0.55;0.00;0.00;0.86;2024-03-04 01:00:00+01:00;3.00;54.00;1.00;53.00;2024-03-04 00:00:00+00:00;30.00;32.00;30.00
2024-03-04;2;100.00;-0.55;0.00;0.00;0.86;2024-03-04 02:00:00+01:00;3.00;24.00;2.00;22.00;2024-03-04 01:00:00+00:00;28.00;28.00;28.00
2024-03-04;3;100.00;-0.55;0.00;0.00;0.86;2024-03-04 03:00:00+01:00;3.00;26.00;2.00;24.00;2024-03-04 02:00:00+00:00;26.00;27.00;26.00
2024-03-04;4;100.00;-0.55;0.00;0.00;0.86;2024-03-04 04:00:00+01:00;3.00;28.00;0.00;28.00;2024-03-04 03:00:00+00:00;28.00;NaN;28.00
2024-03-04;5;100.00;-0.55;0.00;0.00;0.86;2024-03-04 05:00:00+01:00;3.00;59.00;1.00;58.00;2024-03-04 04:00:00+00:00;33.00;33.00;33.00
2024-03-04;6;100.00;-0.55;0.00;0.00;0.86;2024-03-04 06:00:00+01:00;3.00;137.00;5.00;132.00;2024-03-04 05:00:00+00:00;36.00;39.00;36.00
2024-03-04;7;100.00;-0.55;0.00;0.00;0.86;2024-03-04 07:00:00+01:00;3.00;316.00;18.00;298.00;2024-03-04 06:00:00+00:00;31.00;34.00;31.00
2024-03-04;8;100.00;-0.55;0.00;0.00;0.86;2024-03-04 08:00:00+01:00;3.00;312.00;13.00;299.00;2024-03-04 07:00:00+00:00;30.00;30.00;30.00
2024-03-04;9;100.00;-0.55;0.00;0.00;0.86;2024-03-04 09:00:00+01:00;3.00;260.00;4.00;256.00;2024-03-04 08:00:00+00:00;34.00;34.00;34.00
2024-03-04;10;100.00;-0.55;0.00;0.00;0.86;2024-03-04 10:00:00+01:00;3.00;283.00;10.00;273.00;2024-03-04 09:00:00+00:00;35.00;37.00;35.00
2024-03-04;11;100.00;-0.55;0.00;0.00;0.86;2024-03-04 11:00:00+01:00;3.00;311.00;15.00;296.00;2024-03-04 10:00:00+00:00;32.00;34.00;32.00
2024-03-04;12;100.00;-0.55;0.00;0.00;0.86;2024-03-04 12:00:00+01:00;3.00;275.00;4.00;271.00;2024-03-04 11:00:00+00:00;35.00;37.00;35.00
2024-03-04;13;100.00;-0.55;0.00;0.00;0.86;2024-03-04 13:00:00+01:00;3.00;317.00;7.00;310.00;2024-03-04 12:00:00+00:00;29.00;31.00;29.00
2024-03-04;14;100.00;-0.55;0.00;0.00;0.86;2024-03-04 14:00:00+01:00;3.00;262.00;5.00;257.00;2024-03-04 13:00:00+00:00;33.00;35.00;33.00
2024-03-04;15;100.00;-0.55;0.00;0.00;0.86;2024-03-04 15:00:00+01:00;3.00;348.00;4.00;344.00;2024-03-04 14:00:00+00:00;29.00;32.00;29.00
2024-03-04;16;100.00;-0.55;0.00;0.00;0.86;2024-03-04 16:00:00+01:00;3.00;380.00;1.00;379.00;2024-03-04 15:00:00+00:00;21.00;15.00;21.00
2024-03-04;17;100.00;-0.55;0.00;0.00;0.86;2024-03-04 17:00:00+01:00;3.00;309.00;0.00;309.00;2024-03-04 16:00:00+00:00;22.00;NaN;22.00
2024-03-04;18;100.00;-0.55;0.00;0.00;0.86;2024-03-04 18:00:00+01:00;3.00;334.00;3.00;331.00;2024-03-04 17:00:00+00:00;29.00;26.00;29.00
2024-03-04;19;100.00;-0.55;0.00;0.00;0.86;2024-03-04 19:00:00+01:00;3.00;226.00;1.00;225.00;2024-03-04 18:00:00+00:00;34.00;40.00;34.00
2024-03-04;20;100.00;-0.55;0.00;0.00;0.86;2024-03-04 20:00:00+01:00;3.00;184.00;2.00;182.00;2024-03-04 19:00:00+00:00;40.00;44.00;39.00
2024-03-04;21;100.00;-0.55;0.00;0.00;0.86;2024-03-04 21:00:00+01:00;3.00;151.00;0.00;151.00;2024-03-04 20:00:00+00:00;33.00;NaN;33.00
2024-03-04;22;100.00;-0.55;0.00;0.00;0.86;2024-03-04 22:00:00+01:00;3.00;135.00;0.00;135.00;2024-03-04 21:00:00+00:00;33.00;NaN;33.00
2024-03-04;23;100.00;-0.55;0.00;0.00;0.86;2024-03-04 23:00:00+01:00;3.00;85.00;0.00;85.00;2024-03-04 22:00:00+00:00;42.00;NaN;42.00
2024-03-05;0;NaN;NaN;NaN;NaN;NaN;NaN;NaN;NaN;NaN;NaN;2024-03-04 23:00:00+00:00;NaN;NaN;NaN
2024-03-05;1;NaN;NaN;NaN;NaN;NaN;NaN;NaN;NaN;NaN;NaN;2024-03-05 00:00:00+00:00;NaN;NaN;NaN
2024-03-05;2;NaN;NaN;NaN;NaN;NaN;NaN;NaN;NaN;NaN;NaN;2024-03-05 01:00:00+00:00;NaN;NaN;NaN
2024-03-05;3;NaN;NaN;NaN;NaN;NaN;NaN;NaN;NaN;NaN;NaN;2024-03-05 02:00:00+00:00;NaN;NaN;NaN
2024-03-05;4;NaN;NaN;NaN;NaN;NaN;NaN;NaN;NaN;NaN;NaN;2024-03-05 03:00:00+00:00;NaN;NaN;NaN
2024-03-05;5;NaN;NaN;NaN;NaN;NaN;NaN;NaN;NaN;NaN;NaN;2024-03-05 04:00:00+00:00;NaN;NaN;NaN
2024-03-05;6;NaN;NaN;NaN;NaN;NaN;NaN;NaN;NaN;NaN;NaN;2024-03-05 05:00:00+00:00;NaN;NaN;NaN
2024-03-05;7;NaN;NaN;NaN;NaN;NaN;NaN;NaN;NaN;NaN;NaN;2024-03-05 06:00:00+00:00;NaN;NaN;NaN
2024-03-05;8;NaN;NaN;NaN;NaN;NaN;NaN;NaN;NaN;NaN;NaN;2024-03-05 07:00:00+00:00;NaN;NaN;NaN
2024-03-05;9;NaN;NaN;NaN;NaN;NaN;NaN;NaN;NaN;NaN;NaN;2024-03-05 08:00:00+00:00;NaN;NaN;NaN
2024-03-05;10;NaN;NaN;NaN;NaN;NaN;NaN;NaN;NaN;NaN;NaN;2024-03-05 09:00:00+00:00;NaN;NaN;NaN
2024-03-05;11;NaN;NaN;NaN;NaN;NaN;NaN;NaN;NaN;NaN;NaN;2024-03-05 10:00:00+00:00;NaN;NaN;NaN
2024-03-05;12;NaN;NaN;NaN;NaN;NaN;NaN;NaN;NaN;NaN;NaN;2024-03-05 11:00:00+00:00;NaN;NaN;NaN
2024-03-05;13;NaN;NaN;NaN;NaN;NaN;NaN;NaN;NaN;NaN;NaN;2024-03-05 12:00:00+00:00;NaN;NaN;NaN
2024-03-05;14;NaN;NaN;NaN;NaN;NaN;NaN;NaN;NaN;NaN;NaN;2024-03-05 13:00:00+00:00;NaN;NaN;NaN
2024-03-05;15;NaN;NaN;NaN;NaN;NaN;NaN;NaN;NaN;NaN;NaN;2024-03-05 14:00:00+00:00;NaN;NaN;NaN
2024-03-05;16;NaN;NaN;NaN;NaN;NaN;NaN;NaN;NaN;NaN;NaN;2024-03-05 15:00:00+00:00;NaN;NaN;NaN
2024-03-05;17;NaN;NaN;NaN;NaN;NaN;NaN;NaN;NaN;NaN;NaN;2024-03-05 16:00:00+00:00;NaN;NaN;NaN
2024-03-05;18;NaN;NaN;NaN;NaN;NaN;NaN;NaN;NaN;NaN;NaN;2024-03-05 17:00:00+00:00;NaN;NaN;NaN
2024-03-05;19;NaN;NaN;NaN;NaN;NaN;NaN;NaN;NaN;NaN;NaN;2024-03-05 18:00:00+00:00;NaN;NaN;NaN
2024-03-05;20;NaN;NaN;NaN;NaN;NaN;NaN;NaN;NaN;NaN;NaN;2024-03-05 19:00:00+00:00;NaN;NaN;NaN
2024-03-05;21;NaN;NaN;NaN;NaN;NaN;NaN;NaN;NaN;NaN;NaN;2024-03-05 20:00:00+00:00;NaN;NaN;NaN
2024-03-05;22;NaN;NaN;NaN;NaN;NaN;NaN;NaN;NaN;NaN;NaN;2024-03-05 21:00:00+00:00;NaN;NaN;NaN
2024-03-05;23;NaN;NaN;NaN;NaN;NaN;NaN;NaN;NaN;NaN;NaN;2024-03-05 22:00:00+00:00;NaN;NaN;NaN
2024-03-05;0;100.00;-0.55;0.00;0.00;0.86;2024-03-05 00:00:00+01:00;3.00;64.00;0.00;64.00;2024-03-04 23:00:00+00:00;38.00;NaN;38.00
2024-03-05;1;100.00;-0.29;-1.39;0.00;0.90;2024-03-05 01:00:00+01:00;3.00;49.00;2.00;47.00;2024-03-05 00:00:00+00:00;40.00;42.00;40.00
2024-03-05;2;100.00;-0.29;-1.39;0.00;0.90;2024-03-05 02:00:00+01:00;3.00;35.00;2.00;33.00;2024-03-05 01:00:00+00:00;42.00;40.00;42.00
2024-03-05;3;100.00;-0.29;-1.39;0.00;0.90;2024-03-05 03:00:00+01:00;3.00;20.00;2.00;18.00;2024-03-05 02:00:00+00:00;40.00;39.00;40.00
2024-03-05;4;92.00;-0.29;-1.39;0.00;0.90;2024-03-05 04:00:00+01:00;3.00;25.00;2.00;23.00;2024-03-05 03:00:00+00:00;51.00;46.00;52.00
2024-03-05;5;100.00;-0.29;-1.39;0.00;0.90;2024-03-05 05:00:00+01:00;3.00;64.00;4.00;60.00;2024-03-05 04:00:00+00:00;42.00;45.00;42.00
2024-03-05;6;100.00;-0.29;-1.39;0.00;0.90;2024-03-05 06:00:00+01:00;3.00;149.00;9.00;140.00;2024-03-05 05:00:00+00:00;32.00;31.00;32.00
2024-03-05;7;100.00;-0.29;-1.39;0.00;0.90;2024-03-05 07:00:00+01:00;3.00;281.00;12.00;269.00;2024-03-05 06:00:00+00:00;24.00;25.00;24.00
2024-03-05;8;100.00;-0.29;-1.39;0.00;0.90;2024-03-05 08:00:00+01:00;3.00;290.00;10.00;280.00;2024-03-05 07:00:00+00:00;31.00;29.00;31.00
2024-03-05;9;100.00;-0.29;-1.39;0.00;0.90;2024-03-05 09:00:00+01:00;3.00;279.00;10.00;269.00;2024-03-05 08:00:00+00:00;36.00;37.00;36.00
2024-03-05;10;100.00;-0.29;-1.39;0.00;0.90;2024-03-05 10:00:00+01:00;3.00;302.00;8.00;294.00;2024-03-05 09:00:00+00:00;36.00;37.00;36.00
2024-03-05;11;100.00;-0.29;-1.39;0.00;0.90;2024-03-05 11:00:00+01:00;3.00;300.00;2.00;298.00;2024-03-05 10:00:00+00:00;28.00;26.00;28.00
2024-03-05;12;100.00;-0.29;-1.39;0.00;0.90;2024-03-05 12:00:00+01:00;3.00;281.00;8.00;273.00;2024-03-05 11:00:00+00:00;35.00;36.00;35.00
2024-03-05;13;100.00;-0.29;-1.39;0.00;0.90;2024-03-05 13:00:00+01:00;3.00;312.00;10.00;302.00;2024-03-05 12:00:00+00:00;34.00;36.00;33.00
2024-03-05;14;100.00;-0.29;-1.39;0.00;0.90;2024-03-05 14:00:00+01:00;3.00;305.00;7.00;298.00;2024-03-05 13:00:00+00:00;33.00;35.00;33.00
2024-03-05;15;100.00;-0.29;-1.39;0.00;0.90;2024-03-05 15:00:00+01:00;3.00;377.00;6.00;371.00;2024-03-05 14:00:00+00:00;29.00;30.00;29.00
2024-03-05;16;100.00;-0.29;-1.39;0.00;0.90;2024-03-05 16:00:00+01:00;3.00;328.00;2.00;326.00;2024-03-05 15:00:00+00:00;29.00;35.00;29.00
2024-03-05;17;92.00;-0.29;-1.39;0.00;0.90;2024-03-05 17:00:00+01:00;3.00;338.00;4.00;334.00;2024-03-05 16:00:00+00:00;29.00;28.00;29.00
2024-03-05;18;100.00;-0.29;-1.39;0.00;0.90;2024-03-05 18:00:00+01:00;3.00;309.00;0.00;309.00;2024-03-05 17:00:00+00:00;26.00;NaN;26.00
2024-03-05;19;100.00;-0.29;-1.39;0.00;0.90;2024-03-05 19:00:00+01:00;3.00;273.00;1.00;272.00;2024-03-05 18:00:00+00:00;30.00;29.00;30.00
2024-03-05;20;100.00;-0.29;-1.39;0.00;0.90;2024-03-05 20:00:00+01:00;3.00;231.00;4.00;227.00;2024-03-05 19:00:00+00:00;34.00;34.00;34.00
2024-03-05;21;100.00;-0.29;-1.39;0.00;0.90;2024-03-05 21:00:00+01:00;3.00;161.00;3.00;158.00;2024-03-05 20:00:00+00:00;36.00;36.00;36.00
2024-03-05;22;100.00;-0.29;-1.39;0.00;0.90;2024-03-05 22:00:00+01:00;3.00;144.00;1.00;143.00;2024-03-05 21:00:00+00:00;34.00;36.00;34.00
2024-03-05;23;92.00;-0.29;-1.39;0.00;0.90;2024-03-05 23:00:00+01:00;3.00;121.00;0.00;121.00;2024-03-05 22:00:00+00:00;41.00;NaN;41.00
2024-03-06;0;NaN;NaN;NaN;NaN;NaN;NaN;NaN;NaN;NaN;NaN;2024-03-05 23:00:00+00:00;NaN;NaN;NaN
2024-03-06;1;NaN;NaN;NaN;NaN;NaN;NaN;NaN;NaN;NaN;NaN;2024-03-06 00:00:00+00:00;NaN;NaN;NaN
2024-03-06;2;NaN;NaN;NaN;NaN;NaN;NaN;NaN;NaN;NaN;NaN;2024-03-06 01:00:00+00:00;NaN;NaN;NaN
2024-03-06;3;NaN;NaN;NaN;NaN;NaN;NaN;NaN;NaN;NaN;NaN;2024-03-06 02:00:00+00:00;NaN;NaN;NaN
2024-03-06;4;NaN;NaN;NaN;NaN;NaN;NaN;NaN;NaN;NaN;NaN;2024-03-06 03:00:00+00:00;NaN;NaN;NaN
2024-03-06;5;NaN;NaN;NaN;NaN;NaN;NaN;NaN;NaN;NaN;NaN;2024-03-06 04:00:00+00:00;NaN;NaN;NaN
2024-03-06;6;NaN;NaN;NaN;NaN;NaN;NaN;NaN;NaN;NaN;NaN;2024-03-06 05:00:00+00:00;NaN;NaN;NaN
2024-03-06;7;NaN;NaN;NaN;NaN;NaN;NaN;NaN;NaN;NaN;NaN;2024-03-06 06:00:00+00:00;NaN;NaN;NaN
2024-03-06;8;NaN;NaN;NaN;NaN;NaN;NaN;NaN;NaN;NaN;NaN;2024-03-06 07:00:00+00:00;NaN;NaN;NaN
2024-03-06;9;NaN;NaN;NaN;NaN;NaN;NaN;NaN;NaN;NaN;NaN;2024-03-06 08:00:00+00:00;NaN;NaN;NaN
2024-03-06;10;NaN;NaN;NaN;NaN;NaN;NaN;NaN;NaN;NaN;NaN;2024-03-06 09:00:00+00:00;NaN;NaN;NaN
2024-03-06;11;NaN;NaN;NaN;NaN;NaN;NaN;NaN;NaN;NaN;NaN;2024-03-06 10:00:00+00:00;NaN;NaN;NaN
2024-03-06;12;NaN;NaN;NaN;NaN;NaN;NaN;NaN;NaN;NaN;NaN;2024-03-06 11:00:00+00:00;NaN;NaN;NaN
2024-03-06;13;NaN;NaN;NaN;NaN;NaN;NaN;NaN;NaN;NaN;NaN;2024-03-06 12:00:00+00:00;NaN;NaN;NaN
2024-03-06;14;NaN;NaN;NaN;NaN;NaN;NaN;NaN;NaN;NaN;NaN;2024-03-06 13:00:00+00:00;NaN;NaN;NaN
2024-03-06;15;NaN;NaN;NaN;NaN;NaN;NaN;NaN;NaN;NaN;NaN;2024-03-06 14:00:00+00:00;NaN;NaN;NaN
2024-03-06;16;NaN;NaN;NaN;NaN;NaN;NaN;NaN;NaN;NaN;NaN;2024-03-06 15:00:00+00:00;NaN;NaN;NaN
2024-03-06;17;NaN;NaN;NaN;NaN;NaN;NaN;NaN;NaN;NaN;NaN;2024-03-06 16:00:00+00:00;NaN;NaN;NaN
2024-03-06;18;NaN;NaN;NaN;NaN;NaN;NaN;NaN;NaN;NaN;NaN;2024-03-06 17:00:00+00:00;NaN;NaN;NaN
2024-03-06;19;NaN;NaN;NaN;NaN;NaN;NaN;NaN;NaN;NaN;NaN;2024-03-06 18:00:00+00:00;NaN;NaN;NaN
2024-03-06;20;NaN;NaN;NaN;NaN;NaN;NaN;NaN;NaN;NaN;NaN;2024-03-06 19:00:00+00:00;NaN;NaN;NaN
2024-03-06;21;NaN;NaN;NaN;NaN;NaN;NaN;NaN;NaN;NaN;NaN;2024-03-06 20:00:00+00:00;NaN;NaN;NaN
2024-03-06;22;NaN;NaN;NaN;NaN;NaN;NaN;NaN;NaN;NaN;NaN;2024-03-06 21:00:00+00:00;NaN;NaN;NaN
2024-03-06;23;NaN;NaN;NaN;NaN;NaN;NaN;NaN;NaN;NaN;NaN;2024-03-06 22:00:00+00:00;NaN;NaN;NaN
2024-03-06;0;100.00;-0.29;-1.39;0.00;0.90;2024-03-06 00:00:00+01:00;3.00;66.00;1.00;65.00;2024-03-05 23:00:00+00:00;38.00;37.00;38.00
2024-03-06;1;100.00;-0.08;0.00;0.00;0.88;2024-03-06 01:00:00+01:00;3.00;50.00;3.00;47.00;2024-03-06 00:00:00+00:00;35.00;35.00;35.00
2024-03-06;2;100.00;-0.08;0.00;0.00;0.88;2024-03-06 02:00:00+01:00;3.00;24.00;2.00;22.00;2024-03-06 01:00:00+00:00;35.00;32.00;35.00
2024-03-06;3;100.00;-0.08;0.00;0.00;0.88;2024-03-06 03:00:00+01:00;3.00;21.00;1.00;20.00;2024-03-06 02:00:00+00:00;40.00;41.00;40.00
2024-03-06;4;100.00;-0.08;0.00;0.00;0.88;2024-03-06 04:00:00+01:00;3.00;25.00;0.00;25.00;2024-03-06 03:00:00+00:00;41.00;NaN;41.00
2024-03-06;5;100.00;-0.08;0.00;0.00;0.88;2024-03-06 05:00:00+01:00;3.00;54.00;0.00;54.00;2024-03-06 04:00:00+00:00;41.00;NaN;41.00
2024-03-06;6;100.00;-0.08;0.00;0.00;0.88;2024-03-06 06:00:00+01:00;3.00;136.00;8.00;128.00;2024-03-06 05:00:00+00:00;37.00;38.00;37.00
2024-03-06;7;100.00;-0.08;0.00;0.00;0.88;2024-03-06 07:00:00+01:00;3.00;327.00;18.00;309.00;2024-03-06 06:00:00+00:00;33.00;34.00;33.00
2024-03-06;8;100.00;-0.08;0.00;0.00;0.88;2024-03-06 08:00:00+01:00;3.00;320.00;11.00;309.00;2024-03-06 07:00:00+00:00;29.00;30.00;29.00
2024-03-06;9;100.00;-0.08;0.00;0.00;0.88;2024-03-06 09:00:00+01:00;3.00;315.00;7.00;308.00;2024-03-06 08:00:00+00:00;34.00;33.00;34.00
2024-03-06;10;92.00;-0.08;0.00;0.00;0.88;2024-03-06 10:00:00+01:00;3.00;301.00;15.00;286.00;2024-03-06 09:00:00+00:00;34.00;35.00;34.00
2024-03-06;11;100.00;-0.08;0.00;0.00;0.88;2024-03-06 11:00:00+01:00;3.00;307.00;15.00;292.00;2024-03-06 10:00:00+00:00;36.00;37.00;35.00
2024-03-06;12;100.00;-0.08;0.00;0.00;0.88;2024-03-06 12:00:00+01:00;3.00;340.00;16.00;324.00;2024-03-06 11:00:00+00:00;35.00;37.00;35.00
2024-03-06;13;100.00;-0.08;0.00;0.00;0.88;2024-03-06 13:00:00+01:00;3.00;300.00;7.00;293.00;2024-03-06 12:00:00+00:00;35.00;36.00;35.00
2024-03-06;14;92.00;-0.08;0.00;0.00;0.88;2024-03-06 14:00:00+01:00;3.00;298.00;4.00;293.00;2024-03-06 13:00:00+00:00;32.00;32.00;32.00
2024-03-06;15;100.00;-0.08;0.00;0.00;0.88;2024-03-06 15:00:00+01:00;3.00;366.00;3.00;363.00;2024-03-06 14:00:00+00:00;30.00;30.00;30.00
2024-03-06;16;100.00;-0.08;0.00;0.00;0.88;2024-03-06 16:00:00+01:00;3.00;315.00;7.00;308.00;2024-03-06 15:00:00+00:00;34.00;36.00;34.00
2024-03-06;17;100.00;-0.08;0.00;0.00;0.88;2024-03-06 17:00:00+01:00;3.00;337.00;7.00;330.00;2024-03-06 16:00:00+00:00;35.00;36.00;35.00
2024-03-06;18;92.00;-0.08;0.00;0.00;0.88;2024-03-06 18:00:00+01:00;3.00;374.00;8.00;367.00;2024-03-06 17:00:00+00:00;34.00;34.00;34.00
2024-03-06;19;100.00;-0.08;0.00;0.00;0.88;2024-03-06 19:00:00+01:00;3.00;268.00;5.00;263.00;2024-03-06 18:00:00+00:00;39.00;46.00;39.00
2024-03-06;20;92.00;-0.08;0.00;0.00;0.88;2024-03-06 20:00:00+01:00;3.00;213.00;1.00;212.00;2024-03-06 19:00:00+00:00;41.00;38.00;41.00
2024-03-06;21;100.00;-0.08;0.00;0.00;0.88;2024-03-06 21:00:00+01:00;3.00;168.00;2.00;166.00;2024-03-06 20:00:00+00:00;42.00;44.00;42.00
2024-03-06;22;100.00;-0.08;0.00;0.00;0.88;2024-03-06 22:00:00+01:00;3.00;152.00;0.00;152.00;2024-03-06 21:00:00+00:00;40.00;NaN;40.00
2024-03-06;23;100.00;-0.08;0.00;0.00;0.88;2024-03-06 23:00:00+01:00;3.00;130.00;0.00;130.00;2024-03-06 22:00:00+00:00;39.00;NaN;39.00
2024-03-07;0;NaN;NaN;NaN;NaN;NaN;NaN;NaN;NaN;NaN;NaN;2024-03-06 23:00:00+00:00;NaN;NaN;NaN
2024-03-07;1;NaN;NaN;NaN;NaN;NaN;NaN;NaN;NaN;NaN;NaN;2024-03-07 00:00:00+00:00;NaN;NaN;NaN
2024-03-07;2;NaN;NaN;NaN;NaN;NaN;NaN;NaN;NaN;NaN;NaN;2024-03-07 01:00:00+00:00;NaN;NaN;NaN
2024-03-07;3;NaN;NaN;NaN;NaN;NaN;NaN;NaN;NaN;NaN;NaN;2024-03-07 02:00:00+00:00;NaN;NaN;NaN
2024-03-07;4;NaN;NaN;NaN;NaN;NaN;NaN;NaN;NaN;NaN;NaN;2024-03-07 03:00:00+00:00;NaN;NaN;NaN
2024-03-07;5;NaN;NaN;NaN;NaN;NaN;NaN;NaN;NaN;NaN;NaN;2024-03-07 04:00:00+00:00;NaN;NaN;NaN
2024-03-07;6;NaN;NaN;NaN;NaN;NaN;NaN;NaN;NaN;NaN;NaN;2024-03-07 05:00:00+00:00;NaN;NaN;NaN
2024-03-07;7;NaN;NaN;NaN;NaN;NaN;NaN;NaN;NaN;NaN;NaN;2024-03-07 06:00:00+00:00;NaN;NaN;NaN
2024-03-07;8;NaN;NaN;NaN;NaN;NaN;NaN;NaN;NaN;NaN;NaN;2024-03-07 07:00:00+00:00;NaN;NaN;NaN
2024-03-07;9;NaN;NaN;NaN;NaN;NaN;NaN;NaN;NaN;NaN;NaN;2024-03-07 08:00:00+00:00;NaN;NaN;NaN
2024-03-07;10;NaN;NaN;NaN;NaN;NaN;NaN;NaN;NaN;NaN;NaN;2024-03-07 09:00:00+00:00;NaN;NaN;NaN
2024-03-07;11;NaN;NaN;NaN;NaN;NaN;NaN;NaN;NaN;NaN;NaN;2024-03-07 10:00:00+00:00;NaN;NaN;NaN
2024-03-07;12;NaN;NaN;NaN;NaN;NaN;NaN;NaN;NaN;NaN;NaN;2024-03-07 11:00:00+00:00;NaN;NaN;NaN
2024-03-07;13;NaN;NaN;NaN;NaN;NaN;NaN;NaN;NaN;NaN;NaN;2024-03-07 12:00:00+00:00;NaN;NaN;NaN
2024-03-07;14;NaN;NaN;NaN;NaN;NaN;NaN;NaN;NaN;NaN;NaN;2024-03-07 13:00:00+00:00;NaN;NaN;NaN
2024-03-07;15;NaN;NaN;NaN;NaN;NaN;NaN;NaN;NaN;NaN;NaN;2024-03-07 14:00:00+00:00;NaN;NaN;NaN
2024-03-07;16;NaN;NaN;NaN;NaN;NaN;NaN;NaN;NaN;NaN;NaN;2024-03-07 15:00:00+00:00;NaN;NaN;NaN
2024-03-07;17;NaN;NaN;NaN;NaN;NaN;NaN;NaN;NaN;NaN;NaN;2024-03-07 16:00:00+00:00;NaN;NaN;NaN
2024-03-07;18;NaN;NaN;NaN;NaN;NaN;NaN;NaN;NaN;NaN;NaN;2024-03-07 17:00:00+00:00;NaN;NaN;NaN
2024-03-07;19;NaN;NaN;NaN;NaN;NaN;NaN;NaN;NaN;NaN;NaN;2024-03-07 18:00:00+00:00;NaN;NaN;NaN
2024-03-07;20;NaN;NaN;NaN;NaN;NaN;NaN;NaN;NaN;NaN;NaN;2024-03-07 19:00:00+00:00;NaN;NaN;NaN
2024-03-07;21;NaN;NaN;NaN;NaN;NaN;NaN;NaN;NaN;NaN;NaN;2024-03-07 20:00:00+00:00;NaN;NaN;NaN
2024-03-07;22;NaN;NaN;NaN;NaN;NaN;NaN;NaN;NaN;NaN;NaN;2024-03-07 21:00:00+00:00;NaN;NaN;NaN
2024-03-07;23;NaN;NaN;NaN;NaN;NaN;NaN;NaN;NaN;NaN;NaN;2024-03-07 22:00:00+00:00;NaN;NaN;NaN
2024-03-07;0;100.00;-0.08;0.00;0.00;0.88;2024-03-07 00:00:00+01:00;3.00;75.00;0.00;75.00;2024-03-06 23:00:00+00:00;42.00;NaN;42.00
2024-03-07;1;100.00;-2.95;0.00;0.00;0.78;2024-03-07 01:00:00+01:00;3.00;61.00;2.00;59.00;2024-03-07 00:00:00+00:00;45.00;42.00;45.00
2024-03-07;2;100.00;-2.95;0.00;0.00;0.78;2024-03-07 02:00:00+01:00;3.00;35.00;2.00;33.00;2024-03-07 01:00:00+00:00;48.00;48.00;48.00
2024-03-07;3;100.00;-2.95;0.00;0.00;0.78;2024-03-07 03:00:00+01:00;3.00;19.00;1.00;18.00;2024-03-07 02:00:00+00:00;47.00;47.00;47.00
2024-03-07;4;92.00;-2.95;0.00;0.00;0.78;2024-03-07 04:00:00+01:00;3.00;24.00;1.00;23.00;2024-03-07 03:00:00+00:00;48.00;46.00;48.00
2024-03-07;5;92.00;-2.95;0.00;0.00;0.78;2024-03-07 05:00:00+01:00;3.00;60.00;2.00;58.00;2024-03-07 04:00:00+00:00;39.00;40.00;39.00
2024-03-07;6;100.00;-2.95;0.00;0.00;0.78;2024-03-07 06:00:00+01:00;3.00;152.00;5.00;147.00;2024-03-07 05:00:00+00:00;35.00;33.00;35.00
2024-03-07;7;83.00;-2.95;0.00;0.00;0.78;2024-03-07 07:00:00+01:00;3.00;331.00;14.00;317.00;2024-03-07 06:00:00+00:00;31.00;30.00;31.00
2024-03-07;8;92.00;-2.95;0.00;0.00;0.78;2024-03-07 08:00:00+01:00;3.00;319.00;20.00;299.00;2024-03-07 07:00:00+00:00;32.00;30.00;32.00
2024-03-07;9;100.00;-2.95;0.00;0.00;0.78;2024-03-07 09:00:00+01:00;3.00;341.00;16.00;325.00;2024-03-07 08:00:00+00:00;30.00;29.00;30.00
2024-03-07;10;92.00;-2.95;0.00;0.00;0.78;2024-03-07 10:00:00+01:00;3.00;360.00;15.00;345.00;2024-03-07 09:00:00+00:00;29.00;30.00;29.00
2024-03-07;11;83.00;-2.95;0.00;0.00;0.78;2024-03-07 11:00:00+01:00;3.00;310.00;7.00;302.00;2024-03-07 10:00:00+00:00;31.00;28.00;31.00
2024-03-07;12;100.00;-2.95;0.00;0.00;0.78;2024-03-07 12:00:00+01:00;3.00;320.00;4.00;316.00;2024-03-07 11:00:00+00:00;23.00;19.00;23.00
2024-03-07;13;100.00;-2.95;0.00;0.00;0.78;2024-03-07 13:00:00+01:00;3.00;345.00;11.00;334.00;2024-03-07 12:00:00+00:00;24.00;19.00;24.00
2024-03-07;14;92.00;-2.95;0.00;0.00;0.78;2024-03-07 14:00:00+01:00;3.00;315.00;5.00;310.00;2024-03-07 13:00:00+00:00;11.00;22.00;11.00
2024-03-07;15;75.00;-2.95;0.00;0.00;0.78;2024-03-07 15:00:00+01:00;3.00;217.00;1.00;216.00;2024-03-07 14:00:00+00:00;13.00;5.00;13.00
2024-03-07;16;83.00;-2.95;0.00;0.00;0.78;2024-03-07 16:00:00+01:00;3.00;227.00;5.00;222.00;2024-03-07 15:00:00+00:00;13.00;16.00;12.00
2024-03-07;17;67.00;-2.95;0.00;0.00;0.78;2024-03-07 17:00:00+01:00;3.00;252.00;2.00;250.00;2024-03-07 16:00:00+00:00;12.00;14.00;12.00
2024-03-07;18;75.00;-2.95;0.00;0.00;0.78;2024-03-07 18:00:00+01:00;3.00;293.00;3.00;291.00;2024-03-07 17:00:00+00:00;10.00;17.00;10.00
2024-03-07;19;92.00;-2.95;0.00;0.00;0.78;2024-03-07 19:00:00+01:00;3.00;351.00;13.00;338.00;2024-03-07 18:00:00+00:00;28.00;29.00;28.00
2024-03-07;20;83.00;-2.95;0.00;0.00;0.78;2024-03-07 20:00:00+01:00;3.00;268.00;6.00;262.00;2024-03-07 19:00:00+00:00;34.00;33.00;34.00
2024-03-07;21;83.00;-2.95;0.00;0.00;0.78;2024-03-07 21:00:00+01:00;3.00;199.00;4.00;196.00;2024-03-07 20:00:00+00:00;34.00;34.00;34.00
2024-03-07;22;67.00;-2.95;0.00;0.00;0.78;2024-03-07 22:00:00+01:00;3.00;184.00;3.00;182.00;2024-03-07 21:00:00+00:00;36.00;39.00;36.00
2024-03-07;23;83.00;-2.95;0.00;0.00;0.78;2024-03-07 23:00:00+01:00;3.00;166.00;1.00;164.00;2024-03-07 22:00:00+00:00;38.00;37.00;38.00
2024-03-08;0;NaN;NaN;NaN;NaN;NaN;NaN;NaN;NaN;NaN;NaN;2024-03-07 23:00:00+00:00;NaN;NaN;NaN
2024-03-08;1;NaN;NaN;NaN;NaN;NaN;NaN;NaN;NaN;NaN;NaN;2024-03-08 00:00:00+00:00;NaN;NaN;NaN
2024-03-08;2;NaN;NaN;NaN;NaN;NaN;NaN;NaN;NaN;NaN;NaN;2024-03-08 01:00:00+00:00;NaN;NaN;NaN
2024-03-08;3;NaN;NaN;NaN;NaN;NaN;NaN;NaN;NaN;NaN;NaN;2024-03-08 02:00:00+00:00;NaN;NaN;NaN
2024-03-08;4;NaN;NaN;NaN;NaN;NaN;NaN;NaN;NaN;NaN;NaN;2024-03-08 03:00:00+00:00;NaN;NaN;NaN
2024-03-08;5;NaN;NaN;NaN;NaN;NaN;NaN;NaN;NaN;NaN;NaN;2024-03-08 04:00:00+00:00;NaN;NaN;NaN
2024-03-08;6;NaN;NaN;NaN;NaN;NaN;NaN;NaN;NaN;NaN;NaN;2024-03-08 05:00:00+00:00;NaN;NaN;NaN
2024-03-08;7;NaN;NaN;NaN;NaN;NaN;NaN;NaN;NaN;NaN;NaN;2024-03-08 06:00:00+00:00;NaN;NaN;NaN
2024-03-08;8;NaN;NaN;NaN;NaN;NaN;NaN;NaN;NaN;NaN;NaN;2024-03-08 07:00:00+00:00;NaN;NaN;NaN
2024-03-08;9;NaN;NaN;NaN;NaN;NaN;NaN;NaN;NaN;NaN;NaN;2024-03-08 08:00:00+00:00;NaN;NaN;NaN
2024-03-08;10;NaN;NaN;NaN;NaN;NaN;NaN;NaN;NaN;NaN;NaN;2024-03-08 09:00:00+00:00;NaN;NaN;NaN
2024-03-08;11;NaN;NaN;NaN;NaN;NaN;NaN;NaN;NaN;NaN;NaN;2024-03-08 10:00:00+00:00;NaN;NaN;NaN
2024-03-08;12;NaN;NaN;NaN;NaN;NaN;NaN;NaN;NaN;NaN;NaN;2024-03-08 11:00:00+00:00;NaN;NaN;NaN
2024-03-08;13;NaN;NaN;NaN;NaN;NaN;NaN;NaN;NaN;NaN;NaN;2024-03-08 12:00:00+00:00;NaN;NaN;NaN
2024-03-08;14;NaN;NaN;NaN;NaN;NaN;NaN;NaN;NaN;NaN;NaN;2024-03-08 13:00:00+00:00;NaN;NaN;NaN
2024-03-08;15;NaN;NaN;NaN;NaN;NaN;NaN;NaN;NaN;NaN;NaN;2024-03-08 14:00:00+00:00;NaN;NaN;NaN
2024-03-08;16;NaN;NaN;NaN;NaN;NaN;NaN;NaN;NaN;NaN;NaN;2024-03-08 15:00:00+00:00;NaN;NaN;NaN
2024-03-08;17;NaN;NaN;NaN;NaN;NaN;NaN;NaN;NaN;NaN;NaN;2024-03-08 16:00:00+00:00;NaN;NaN;NaN
2024-03-08;18;NaN;NaN;NaN;NaN;NaN;NaN;NaN;NaN;NaN;NaN;2024-03-08 17:00:00+00:00;NaN;NaN;NaN
2024-03-08;19;NaN;NaN;NaN;NaN;NaN;NaN;NaN;NaN;NaN;NaN;2024-03-08 18:00:00+00:00;NaN;NaN;NaN
2024-03-08;20;NaN;NaN;NaN;NaN;NaN;NaN;NaN;NaN;NaN;NaN;2024-03-08 19:00:00+00:00;NaN;NaN;NaN
2024-03-08;21;NaN;NaN;NaN;NaN;NaN;NaN;NaN;NaN;NaN;NaN;2024-03-08 20:00:00+00:00;NaN;NaN;NaN
2024-03-08;22;NaN;NaN;NaN;NaN;NaN;NaN;NaN;NaN;NaN;NaN;2024-03-08 21:00:00+00:00;NaN;NaN;NaN
2024-03-08;23;NaN;NaN;NaN;NaN;NaN;NaN;NaN;NaN;NaN;NaN;2024-03-08 22:00:00+00:00;NaN;NaN;NaN
2024-03-08;0;75.00;-2.95;0.00;0.00;0.78;2024-03-08 00:00:00+01:00;3.00;129.00;0.00;129.00;2024-03-07 23:00:00+00:00;38.00;NaN;38.00
2024-03-08;1;75.00;0.36;0.00;0.00;0.55;2024-03-08 01:00:00+01:00;3.00;93.00;0.00;93.00;2024-03-08 00:00:00+00:00;37.00;NaN;37.00
2024-03-08;2;83.00;0.36;0.00;0.00;0.55;2024-03-08 02:00:00+01:00;3.00;68.00;0.00;68.00;2024-03-08 01:00:00+00:00;36.00;NaN;36.00
2024-03-08;3;58.00;0.36;0.00;0.00;0.55;2024-03-08 03:00:00+01:00;3.00;48.00;0.00;48.00;2024-03-08 02:00:00+00:00;41.00;NaN;41.00
2024-03-08;4;83.00;0.36;0.00;0.00;0.55;2024-03-08 04:00:00+01:00;3.00;31.00;0.00;31.00;2024-03-08 03:00:00+00:00;41.00;NaN;41.00
2024-03-08;5;83.00;0.36;0.00;0.00;0.55;2024-03-08 05:00:00+01:00;3.00;46.00;0.00;46.00;2024-03-08 04:00:00+00:00;40.00;NaN;40.00
2024-03-08;6;67.00;0.36;0.00;0.00;0.55;2024-03-08 06:00:00+01:00;3.00;58.00;0.00;58.00;2024-03-08 05:00:00+00:00;36.00;NaN;36.00
2024-03-08;7;83.00;0.36;0.00;0.00;0.55;2024-03-08 07:00:00+01:00;3.00;70.00;1.00;68.00;2024-03-08 06:00:00+00:00;39.00;41.00;39.00
2024-03-08;8;75.00;0.36;0.00;0.00;0.55;2024-03-08 08:00:00+01:00;3.00;73.00;0.00;73.00;2024-03-08 07:00:00+00:00;39.00;NaN;39.00
2024-03-08;9;58.00;0.36;0.00;0.00;0.55;2024-03-08 09:00:00+01:00;3.00;144.00;3.00;141.00;2024-03-08 08:00:00+00:00;35.00;37.00;35.00
2024-03-08;10;83.00;0.36;0.00;0.00;0.55;2024-03-08 10:00:00+01:00;3.00;160.00;2.00;157.00;2024-03-08 09:00:00+00:00;34.00;32.00;34.00
2024-03-08;11;83.00;0.36;0.00;0.00;0.55;2024-03-08 11:00:00+01:00;3.00;188.00;7.00;181.00;2024-03-08 10:00:00+00:00;41.00;44.00;40.00
2024-03-08;12;75.00;0.36;0.00;0.00;0.55;2024-03-08 12:00:00+01:00;3.00;175.00;1.00;173.00;2024-03-08 11:00:00+00:00;38.00;39.00;38.00
2024-03-08;13;92.00;0.36;0.00;0.00;0.55;2024-03-08 13:00:00+01:00;3.00;177.00;3.00;173.00;2024-03-08 12:00:00+00:00;34.00;33.00;34.00
2024-03-08;14;92.00;0.36;0.00;0.00;0.55;2024-03-08 14:00:00+01:00;3.00;284.00;1.00;283.00;2024-03-08 13:00:00+00:00;29.00;35.00;29.00
2024-03-08;15;75.00;0.36;0.00;0.00;0.55;2024-03-08 15:00:00+01:00;3.00;245.00;1.00;244.00;2024-03-08 14:00:00+00:00;14.00;18.00;14.00
2024-03-08;16;83.00;0.36;0.00;0.00;0.55;2024-03-08 16:00:00+01:00;3.00;257.00;1.00;256.00;2024-03-08 15:00:00+00:00;16.00;14.00;16.00
2024-03-08;17;92.00;0.36;0.00;0.00;0.55;2024-03-08 17:00:00+01:00;3.00;292.00;0.00;292.00;2024-03-08 16:00:00+00:00;22.00;NaN;22.00
2024-03-08;18;92.00;0.36;0.00;0.00;0.55;2024-03-08 18:00:00+01:00;3.00;255.00;0.00;255.00;2024-03-08 17:00:00+00:00;22.00;NaN;22.00
2024-03-08;19;75.00;0.36;0.00;0.00;0.55;2024-03-08 19:00:00+01:00;3.00;261.00;0.00;261.00;2024-03-08 18:00:00+00:00;28.00;NaN;28.00
2024-03-08;20;92.00;0.36;0.00;0.00;0.55;2024-03-08 20:00:00+01:00;3.00;243.00;2.00;241.00;2024-03-08 19:00:00+00:00;25.00;27.00;25.00
2024-03-08;21;83.00;0.36;0.00;0.00;0.55;2024-03-08 21:00:00+01:00;3.00;241.00;4.00;238.00;2024-03-08 20:00:00+00:00;25.00;30.00;25.00
2024-03-08;22;67.00;0.36;0.00;0.00;0.55;2024-03-08 22:00:00+01:00;3.00;192.00;0.00;192.00;2024-03-08 21:00:00+00:00;34.00;NaN;34.00
2024-03-08;23;92.00;0.36;0.00;0.00;0.55;2024-03-08 23:00:00+01:00;3.00;157.00;0.00;157.00;2024-03-08 22:00:00+00:00;34.00;NaN;34.00
2024-03-09;0;NaN;NaN;NaN;NaN;NaN;NaN;NaN;NaN;NaN;NaN;2024-03-08 23:00:00+00:00;NaN;NaN;NaN
2024-03-09;1;NaN;NaN;NaN;NaN;NaN;NaN;NaN;NaN;NaN;NaN;2024-03-09 00:00:00+00:00;NaN;NaN;NaN
2024-03-09;2;NaN;NaN;NaN;NaN;NaN;NaN;NaN;NaN;NaN;NaN;2024-03-09 01:00:00+00:00;NaN;NaN;NaN
2024-03-09;3;NaN;NaN;NaN;NaN;NaN;NaN;NaN;NaN;NaN;NaN;2024-03-09 02:00:00+00:00;NaN;NaN;NaN
2024-03-09;4;NaN;NaN;NaN;NaN;NaN;NaN;NaN;NaN;NaN;NaN;2024-03-09 03:00:00+00:00;NaN;NaN;NaN
2024-03-09;5;NaN;NaN;NaN;NaN;NaN;NaN;NaN;NaN;NaN;NaN;2024-03-09 04:00:00+00:00;NaN;NaN;NaN
2024-03-09;6;NaN;NaN;NaN;NaN;NaN;NaN;NaN;NaN;NaN;NaN;2024-03-09 05:00:00+00:00;NaN;NaN;NaN
2024-03-09;7;NaN;NaN;NaN;NaN;NaN;NaN;NaN;NaN;NaN;NaN;2024-03-09 06:00:00+00:00;NaN;NaN;NaN
2024-03-09;8;NaN;NaN;NaN;NaN;NaN;NaN;NaN;NaN;NaN;NaN;2024-03-09 07:00:00+00:00;NaN;NaN;NaN
2024-03-09;9;NaN;NaN;NaN;NaN;NaN;NaN;NaN;NaN;NaN;NaN;2024-03-09 08:00:00+00:00;NaN;NaN;NaN
2024-03-09;10;NaN;NaN;NaN;NaN;NaN;NaN;NaN;NaN;NaN;NaN;2024-03-09 09:00:00+00:00;NaN;NaN;NaN
2024-03-09;11;NaN;NaN;NaN;NaN;NaN;NaN;NaN;NaN;NaN;NaN;2024-03-09 10:00:00+00:00;NaN;NaN;NaN
2024-03-09;12;NaN;NaN;NaN;NaN;NaN;NaN;NaN;NaN;NaN;NaN;2024-03-09 11:00:00+00:00;NaN;NaN;NaN
2024-03-09;13;NaN;NaN;NaN;NaN;NaN;NaN;NaN;NaN;NaN;NaN;2024-03-09 12:00:00+00:00;NaN;NaN;NaN
2024-03-09;14;NaN;NaN;NaN;NaN;NaN;NaN;NaN;NaN;NaN;NaN;2024-03-09 13:00:00+00:00;NaN;NaN;NaN
2024-03-09;15;NaN;NaN;NaN;NaN;NaN;NaN;NaN;NaN;NaN;NaN;2024-03-09 14:00:00+00:00;NaN;NaN;NaN
2024-03-09;16;NaN;NaN;NaN;NaN;NaN;NaN;NaN;NaN;NaN;NaN;2024-03-09 15:00:00+00:00;NaN;NaN;NaN
2024-03-09;17;NaN;NaN;NaN;NaN;NaN;NaN;NaN;NaN;NaN;NaN;2024-03-09 16:00:00+00:00;NaN;NaN;NaN
2024-03-09;18;NaN;NaN;NaN;NaN;NaN;NaN;NaN;NaN;NaN;NaN;2024-03-09 17:00:00+00:00;NaN;NaN;NaN
2024-03-09;19;NaN;NaN;NaN;NaN;NaN;NaN;NaN;NaN;NaN;NaN;2024-03-09 18:00:00+00:00;NaN;NaN;NaN
2024-03-09;20;NaN;NaN;NaN;NaN;NaN;NaN;NaN;NaN;NaN;NaN;2024-03-09 19:00:00+00:00;NaN;NaN;NaN
2024-03-09;21;NaN;NaN;NaN;NaN;NaN;NaN;NaN;NaN;NaN;NaN;2024-03-09 20:00:00+00:00;NaN;NaN;NaN
2024-03-09;22;NaN;NaN;NaN;NaN;NaN;NaN;NaN;NaN;NaN;NaN;2024-03-09 21:00:00+00:00;NaN;NaN;NaN
2024-03-09;23;NaN;NaN;NaN;NaN;NaN;NaN;NaN;NaN;NaN;NaN;2024-03-09 22:00:00+00:00;NaN;NaN;NaN
2024-03-09;0;92.00;0.36;0.00;0.00;0.55;2024-03-09 00:00:00+01:00;3.00;132.00;0.00;132.00;2024-03-08 23:00:00+00:00;33.00;NaN;33.00
2024-03-09;1;92.00;-0.85;-1.39;0.00;0.87;2024-03-09 01:00:00+01:00;3.00;84.00;1.00;83.00;2024-03-09 00:00:00+00:00;36.00;37.00;36.00
2024-03-09;2;92.00;-0.85;-1.39;0.00;0.87;2024-03-09 02:00:00+01:00;3.00;79.00;1.00;77.00;2024-03-09 01:00:00+00:00;40.00;39.00;40.00
2024-03-09;3;100.00;-0.85;-1.39;0.00;0.87;2024-03-09 03:00:00+01:00;3.00;69.00;0.00;69.00;2024-03-09 02:00:00+00:00;40.00;NaN;40.00
2024-03-09;4;100.00;-0.85;-1.39;0.00;0.87;2024-03-09 04:00:00+01:00;3.00;54.00;0.00;54.00;2024-03-09 03:00:00+00:00;37.00;NaN;37.00
2024-03-09;5;100.00;-0.85;-1.39;0.00;0.87;2024-03-09 05:00:00+01:00;3.00;59.00;3.00;56.00;2024-03-09 04:00:00+00:00;39.00;42.00;38.00
2024-03-09;6;83.00;-0.85;-1.39;0.00;0.87;2024-03-09 06:00:00+01:00;3.00;74.00;7.00;67.00;2024-03-09 05:00:00+00:00;39.00;38.00;39.00
2024-03-09;7;92.00;-0.85;-1.39;0.00;0.87;2024-03-09 07:00:00+01:00;3.00;97.00;3.00;94.00;2024-03-09 06:00:00+00:00;41.00;44.00;41.00
2024-03-09;8;100.00;-0.85;-1.39;0.00;0.87;2024-03-09 08:00:00+01:00;3.00;99.00;1.00;98.00;2024-03-09 07:00:00+00:00;36.00;37.00;36.00
2024-03-09;9;92.00;-0.85;-1.39;0.00;0.87;2024-03-09 09:00:00+01:00;3.00;177.00;3.00;173.00;2024-03-09 08:00:00+00:00;36.00;37.00;36.00
2024-03-09;10;100.00;-0.85;-1.39;0.00;0.87;2024-03-09 10:00:00+01:00;3.00;239.00;8.00;231.00;2024-03-09 09:00:00+00:00;35.00;36.00;35.00
2024-03-09;11;100.00;-0.85;-1.39;0.00;0.87;2024-03-09 11:00:00+01:00;3.00;267.00;20.00;247.00;2024-03-09 10:00:00+00:00;39.00;39.00;39.00
2024-03-09;12;92.00;-0.85;-1.39;0.00;0.87;2024-03-09 12:00:00+01:00;3.00;265.00;2.00;263.00;2024-03-09 11:00:00+00:00;32.00;34.00;32.00
2024-03-09;13;92.00;-0.85;-1.39;0.00;0.87;2024-03-09 13:00:00+01:00;3.00;351.00;12.00;339.00;2024-03-09 12:00:00+00:00;37.00;39.00;36.00
2024-03-09;14;92.00;-0.85;-1.39;0.00;0.87;2024-03-09 14:00:00+01:00;3.00;316.00;3.00;313.00;2024-03-09 13:00:00+00:00;32.00;31.00;32.00
2024-03-09;15;92.00;-0.85;-1.39;0.00;0.87;2024-03-09 15:00:00+01:00;3.00;298.00;5.00;292.00;2024-03-09 14:00:00+00:00;34.00;35.00;34.00
2024-03-09;16;92.00;-0.85;-1.39;0.00;0.87;2024-03-09 16:00:00+01:00;3.00;305.00;5.00;300.00;2024-03-09 15:00:00+00:00;37.00;40.00;37.00
2024-03-09;17;100.00;-0.85;-1.39;0.00;0.87;2024-03-09 17:00:00+01:00;3.00;311.00;2.00;309.00;2024-03-09 16:00:00+00:00;35.00;34.00;35.00
2024-03-09;18;100.00;-0.85;-1.39;0.00;0.87;2024-03-09 18:00:00+01:00;3.00;347.00;6.00;341.00;2024-03-09 17:00:00+00:00;31.00;32.00;31.00
2024-03-09;19;100.00;-0.85;-1.39;0.00;0.87;2024-03-09 19:00:00+01:00;3.00;259.00;0.00;259.00;2024-03-09 18:00:00+00:00;30.00;NaN;30.00
2024-03-09;20;100.00;-0.85;-1.39;0.00;0.87;2024-03-09 20:00:00+01:00;3.00;224.00;0.00;224.00;2024-03-09 19:00:00+00:00;30.00;NaN;30.00
2024-03-09;21;100.00;-0.85;-1.39;0.00;0.87;2024-03-09 21:00:00+01:00;3.00;184.00;0.00;184.00;2024-03-09 20:00:00+00:00;35.00;NaN;35.00
2024-03-09;22;100.00;-0.85;-1.39;0.00;0.87;2024-03-09 22:00:00+01:00;3.00;195.00;1.00;194.00;2024-03-09 21:00:00+00:00;29.00;35.00;29.00
2024-03-09;23;100.00;-0.85;-1.39;0.00;0.87;2024-03-09 23:00:00+01:00;3.00;192.00;1.00;191.00;2024-03-09 22:00:00+00:00;22.00;23.00;22.00
2024-03-10;0;NaN;NaN;NaN;NaN;NaN;NaN;NaN;NaN;NaN;NaN;2024-03-09 23:00:00+00:00;NaN;NaN;NaN
2024-03-10;1;NaN;NaN;NaN;NaN;NaN;NaN;NaN;NaN;NaN;NaN;2024-03-10 00:00:00+00:00;NaN;NaN;NaN
2024-03-10;2;NaN;NaN;NaN;NaN;NaN;NaN;NaN;NaN;NaN;NaN;2024-03-10 01:00:00+00:00;NaN;NaN;NaN
2024-03-10;3;NaN;NaN;NaN;NaN;NaN;NaN;NaN;NaN;NaN;NaN;2024-03-10 02:00:00+00:00;NaN;NaN;NaN
2024-03-10;4;NaN;NaN;NaN;NaN;NaN;NaN;NaN;NaN;NaN;NaN;2024-03-10 03:00:00+00:00;NaN;NaN;NaN
2024-03-10;5;NaN;NaN;NaN;NaN;NaN;NaN;NaN;NaN;NaN;NaN;2024-03-10 04:00:00+00:00;NaN;NaN;NaN
2024-03-10;6;NaN;NaN;NaN;NaN;NaN;NaN;NaN;NaN;NaN;NaN;2024-03-10 05:00:00+00:00;NaN;NaN;NaN
2024-03-10;7;NaN;NaN;NaN;NaN;NaN;NaN;NaN;NaN;NaN;NaN;2024-03-10 06:00:00+00:00;NaN;NaN;NaN
2024-03-10;8;NaN;NaN;NaN;NaN;NaN;NaN;NaN;NaN;NaN;NaN;2024-03-10 07:00:00+00:00;NaN;NaN;NaN
2024-03-10;9;NaN;NaN;NaN;NaN;NaN;NaN;NaN;NaN;NaN;NaN;2024-03-10 08:00:00+00:00;NaN;NaN;NaN
2024-03-10;10;NaN;NaN;NaN;NaN;NaN;NaN;NaN;NaN;NaN;NaN;2024-03-10 09:00:00+00:00;NaN;NaN;NaN
2024-03-10;11;NaN;NaN;NaN;NaN;NaN;NaN;NaN;NaN;NaN;NaN;2024-03-10 10:00:00+00:00;NaN;NaN;NaN
2024-03-10;12;NaN;NaN;NaN;NaN;NaN;NaN;NaN;NaN;NaN;NaN;2024-03-10 11:00:00+00:00;NaN;NaN;NaN
2024-03-10;13;NaN;NaN;NaN;NaN;NaN;NaN;NaN;NaN;NaN;NaN;2024-03-10 12:00:00+00:00;NaN;NaN;NaN
2024-03-10;14;NaN;NaN;NaN;NaN;NaN;NaN;NaN;NaN;NaN;NaN;2024-03-10 13:00:00+00:00;NaN;NaN;NaN
2024-03-10;15;NaN;NaN;NaN;NaN;NaN;NaN;NaN;NaN;NaN;NaN;2024-03-10 14:00:00+00:00;NaN;NaN;NaN
2024-03-10;16;NaN;NaN;NaN;NaN;NaN;NaN;NaN;NaN;NaN;NaN;2024-03-10 15:00:00+00:00;NaN;NaN;NaN
2024-03-10;17;NaN;NaN;NaN;NaN;NaN;NaN;NaN;NaN;NaN;NaN;2024-03-10 16:00:00+00:00;NaN;NaN;NaN
2024-03-10;18;NaN;NaN;NaN;NaN;NaN;NaN;NaN;NaN;NaN;NaN;2024-03-10 17:00:00+00:00;NaN;NaN;NaN
2024-03-10;19;NaN;NaN;NaN;NaN;NaN;NaN;NaN;NaN;NaN;NaN;2024-03-10 18:00:00+00:00;NaN;NaN;NaN
2024-03-10;20;NaN;NaN;NaN;NaN;NaN;NaN;NaN;NaN;NaN;NaN;2024-03-10 19:00:00+00:00;NaN;NaN;NaN
2024-03-10;21;NaN;NaN;NaN;NaN;NaN;NaN;NaN;NaN;NaN;NaN;2024-03-10 20:00:00+00:00;NaN;NaN;NaN
2024-03-10;22;NaN;NaN;NaN;NaN;NaN;NaN;NaN;NaN;NaN;NaN;2024-03-10 21:00:00+00:00;NaN;NaN;NaN
2024-03-10;23;NaN;NaN;NaN;NaN;NaN;NaN;NaN;NaN;NaN;NaN;2024-03-10 22:00:00+00:00;NaN;NaN;NaN
2024-03-10;0;92.00;-0.85;-1.39;0.00;0.87;2024-03-10 00:00:00+01:00;3.00;135.00;0.00;135.00;2024-03-09 23:00:00+00:00;27.00;NaN;27.00
2024-03-10;1;100.00;0.13;-1.39;0.00;0.85;2024-03-10 01:00:00+01:00;3.00;119.00;1.00;118.00;2024-03-10 00:00:00+00:00;29.00;26.00;29.00
2024-03-10;2;100.00;0.13;-1.39;0.00;0.85;2024-03-10 02:00:00+01:00;3.00;88.00;0.00;88.00;2024-03-10 01:00:00+00:00;34.00;NaN;34.00
2024-03-10;3;92.00;0.13;-1.39;0.00;0.85;2024-03-10 03:00:00+01:00;3.00;65.00;0.00;65.00;2024-03-10 02:00:00+00:00;35.00;NaN;35.00
2024-03-10;4;83.00;0.13;-1.39;0.00;0.85;2024-03-10 04:00:00+01:00;3.00;56.00;0.00;56.00;2024-03-10 03:00:00+00:00;40.00;NaN;40.00
2024-03-10;5;92.00;0.13;-1.39;0.00;0.85;2024-03-10 05:00:00+01:00;3.00;60.00;0.00;60.00;2024-03-10 04:00:00+00:00;40.00;NaN;40.00
2024-03-10;6;100.00;0.13;-1.39;0.00;0.85;2024-03-10 06:00:00+01:00;3.00;49.00;0.00;49.00;2024-03-10 05:00:00+00:00;41.00;NaN;41.00
2024-03-10;7;100.00;0.13;-1.39;0.00;0.85;2024-03-10 07:00:00+01:00;3.00;44.00;0.00;44.00;2024-03-10 06:00:00+00:00;43.00;NaN;43.00
2024-03-10;8;100.00;0.13;-1.39;0.00;0.85;2024-03-10 08:00:00+01:00;3.00;69.00;1.00;68.00;2024-03-10 07:00:00+00:00;39.00;40.00;39.00
2024-03-10;9;100.00;0.13;-1.39;0.00;0.85;2024-03-10 09:00:00+01:00;3.00;113.00;2.00;111.00;2024-03-10 08:00:00+00:00;37.00;36.00;37.00
2024-03-10;10;100.00;0.13;-1.39;0.00;0.85;2024-03-10 10:00:00+01:00;3.00;142.00;1.00;141.00;2024-03-10 09:00:00+00:00;36.00;38.00;36.00
2024-03-10;11;100.00;0.13;-1.39;0.00;0.85;2024-03-10 11:00:00+01:00;3.00;176.00;4.00;172.00;2024-03-10 10:00:00+00:00;36.00;38.00;36.00
2024-03-10;12;92.00;0.13;-1.39;0.00;0.85;2024-03-10 12:00:00+01:00;3.00;213.00;4.00;208.00;2024-03-10 11:00:00+00:00;42.00;42.00;42.00
2024-03-10;13;100.00;0.13;-1.39;0.00;0.85;2024-03-10 13:00:00+01:00;3.00;223.00;10.00;213.00;2024-03-10 12:00:00+00:00;40.00;45.00;40.00
2024-03-10;14;100.00;0.13;-1.39;0.00;0.85;2024-03-10 14:00:00+01:00;3.00;226.00;2.00;224.00;2024-03-10 13:00:00+00:00;41.00;41.00;41.00
2024-03-10;15;100.00;0.13;-1.39;0.00;0.85;2024-03-10 15:00:00+01:00;3.00;246.00;3.00;243.00;2024-03-10 14:00:00+00:00;43.00;46.00;43.00
2024-03-10;16;92.00;0.13;-1.39;0.00;0.85;2024-03-10 16:00:00+01:00;3.00;250.00;3.00;247.00;2024-03-10 15:00:00+00:00;38.00;38.00;38.00
2024-03-10;17;100.00;0.13;-1.39;0.00;0.85;2024-03-10 17:00:00+01:00;3.00;252.00;1.00;251.00;2024-03-10 16:00:00+00:00;35.00;41.00;35.00
2024-03-10;18;92.00;0.13;-1.39;0.00;0.85;2024-03-10 18:00:00+01:00;3.00;262.00;1.00;261.00;2024-03-10 17:00:00+00:00;40.00;42.00;40.00
2024-03-10;19;92.00;0.13;-1.39;0.00;0.85;2024-03-10 19:00:00+01:00;3.00;248.00;5.00;242.00;2024-03-10 18:00:00+00:00;39.00;39.00;39.00
2024-03-10;20;92.00;0.13;-1.39;0.00;0.85;2024-03-10 20:00:00+01:00;3.00;182.00;2.00;180.00;2024-03-10 19:00:00+00:00;35.00;36.00;35.00
2024-03-10;21;100.00;0.13;-1.39;0.00;0.85;2024-03-10 21:00:00+01:00;3.00;171.00;1.00;170.00;2024-03-10 20:00:00+00:00;37.00;33.00;37.00
2024-03-10;22;100.00;0.13;-1.39;0.00;0.85;2024-03-10 22:00:00+01:00;3.00;124.00;3.00;121.00;2024-03-10 21:00:00+00:00;36.00;37.00;36.00
2024-03-10;23;92.00;0.13;-1.39;0.00;0.85;2024-03-10 23:00:00+01:00;3.00;85.00;0.00;85.00;2024-03-10 22:00:00+00:00;34.00;NaN;34.00
2024-03-11;0;NaN;NaN;NaN;NaN;NaN;NaN;NaN;NaN;NaN;NaN;2024-03-10 23:00:00+00:00;NaN;NaN;NaN
2024-03-11;1;NaN;NaN;NaN;NaN;NaN;NaN;NaN;NaN;NaN;NaN;2024-03-11 00:00:00+00:00;NaN;NaN;NaN
2024-03-11;2;NaN;NaN;NaN;NaN;NaN;NaN;NaN;NaN;NaN;NaN;2024-03-11 01:00:00+00:00;NaN;NaN;NaN
2024-03-11;3;NaN;NaN;NaN;NaN;NaN;NaN;NaN;NaN;NaN;NaN;2024-03-11 02:00:00+00:00;NaN;NaN;NaN
2024-03-11;4;NaN;NaN;NaN;NaN;NaN;NaN;NaN;NaN;NaN;NaN;2024-03-11 03:00:00+00:00;NaN;NaN;NaN
2024-03-11;5;NaN;NaN;NaN;NaN;NaN;NaN;NaN;NaN;NaN;NaN;2024-03-11 04:00:00+00:00;NaN;NaN;NaN
2024-03-11;6;NaN;NaN;NaN;NaN;NaN;NaN;NaN;NaN;NaN;NaN;2024-03-11 05:00:00+00:00;NaN;NaN;NaN
2024-03-11;7;NaN;NaN;NaN;NaN;NaN;NaN;NaN;NaN;NaN;NaN;2024-03-11 06:00:00+00:00;NaN;NaN;NaN
2024-03-11;8;NaN;NaN;NaN;NaN;NaN;NaN;NaN;NaN;NaN;NaN;2024-03-11 07:00:00+00:00;NaN;NaN;NaN
2024-03-11;9;NaN;NaN;NaN;NaN;NaN;NaN;NaN;NaN;NaN;NaN;2024-03-11 08:00:00+00:00;NaN;NaN;NaN
2024-03-11;10;NaN;NaN;NaN;NaN;NaN;NaN;NaN;NaN;NaN;NaN;2024-03-11 09:00:00+00:00;NaN;NaN;NaN
2024-03-11;11;NaN;NaN;NaN;NaN;NaN;NaN;NaN;NaN;NaN;NaN;2024-03-11 10:00:00+00:00;NaN;NaN;NaN
2024-03-11;12;NaN;NaN;NaN;NaN;NaN;NaN;NaN;NaN;NaN;NaN;2024-03-11 11:00:00+00:00;NaN;NaN;NaN
2024-03-11;13;NaN;NaN;NaN;NaN;NaN;NaN;NaN;NaN;NaN;NaN;2024-03-11 12:00:00+00:00;NaN;NaN;NaN
2024-03-11;14;NaN;NaN;NaN;NaN;NaN;NaN;NaN;NaN;NaN;NaN;2024-03-11 13:00:00+00:00;NaN;NaN;NaN
2024-03-11;15;NaN;NaN;NaN;NaN;NaN;NaN;NaN;NaN;NaN;NaN;2024-03-11 14:00:00+00:00;NaN;NaN;NaN
2024-03-11;16;NaN;NaN;NaN;NaN;NaN;NaN;NaN;NaN;NaN;NaN;2024-03-11 15:00:00+00:00;NaN;NaN;NaN
2024-03-11;17;NaN;NaN;NaN;NaN;NaN;NaN;NaN;NaN;NaN;NaN;2024-03-11 16:00:00+00:00;NaN;NaN;NaN
2024-03-11;18;NaN;NaN;NaN;NaN;NaN;NaN;NaN;NaN;NaN;NaN;2024-03-11 17:00:00+00:00;NaN;NaN;NaN
2024-03-11;19;NaN;NaN;NaN;NaN;NaN;NaN;NaN;NaN;NaN;NaN;2024-03-11 18:00:00+00:00;NaN;NaN;NaN
2024-03-11;20;NaN;NaN;NaN;NaN;NaN;NaN;NaN;NaN;NaN;NaN;2024-03-11 19:00:00+00:00;NaN;NaN;NaN
2024-03-11;21;NaN;NaN;NaN;NaN;NaN;NaN;NaN;NaN;NaN;NaN;2024-03-11 20:00:00+00:00;NaN;NaN;NaN
2024-03-11;22;NaN;NaN;NaN;NaN;NaN;NaN;NaN;NaN;NaN;NaN;2024-03-11 21:00:00+00:00;NaN;NaN;NaN
2024-03-11;23;NaN;NaN;NaN;NaN;NaN;NaN;NaN;NaN;NaN;NaN;2024-03-11 22:00:00+00:00;NaN;NaN;NaN
2024-03-11;0;100.00;0.13;-1.39;0.00;0.85;2024-03-11 00:00:00+01:00;3.00;59.00;0.00;59.00;2024-03-10 23:00:00+00:00;44.00;NaN;44.00
2024-03-11;1;100.00;-2.88;-2.77;0.00;0.87;2024-03-11 01:00:00+01:00;3.00;42.00;1.00;41.00;2024-03-11 00:00:00+00:00;36.00;35.00;36.00
2024-03-11;2;100.00;-2.88;-2.77;0.00;0.87;2024-03-11 02:00:00+01:00;3.00;22.00;2.00;20.00;2024-03-11 01:00:00+00:00;34.00;36.00;34.00
2024-03-11;3;100.00;-2.88;-2.77;0.00;0.87;2024-03-11 03:00:00+01:00;3.00;22.00;3.00;19.00;2024-03-11 02:00:00+00:00;35.00;35.00;35.00
2024-03-11;4;100.00;-2.88;-2.77;0.00;0.87;2024-03-11 04:00:00+01:00;3.00;21.00;0.00;21.00;2024-03-11 03:00:00+00:00;32.00;NaN;32.00
2024-03-11;5;100.00;-2.88;-2.77;0.00;0.87;2024-03-11 05:00:00+01:00;3.00;52.00;0.00;52.00;2024-03-11 04:00:00+00:00;31.00;NaN;31.00
2024-03-11;6;100.00;-2.88;-2.77;0.00;0.87;2024-03-11 06:00:00+01:00;3.00;153.00;1.00;152.00;2024-03-11 05:00:00+00:00;29.00;30.00;29.00
2024-03-11;7;100.00;-2.88;-2.77;0.00;0.87;2024-03-11 07:00:00+01:00;3.00;297.00;4.00;293.00;2024-03-11 06:00:00+00:00;24.00;29.00;24.00
2024-03-11;8;100.00;-2.88;-2.77;0.00;0.87;2024-03-11 08:00:00+01:00;3.00;284.00;4.00;280.00;2024-03-11 07:00:00+00:00;23.00;22.00;23.00
2024-03-11;9;100.00;-2.88;-2.77;0.00;0.87;2024-03-11 09:00:00+01:00;3.00;269.00;4.00;265.00;2024-03-11 08:00:00+00:00;30.00;32.00;30.00
2024-03-11;10;100.00;-2.88;-2.77;0.00;0.87;2024-03-11 10:00:00+01:00;3.00;321.00;2.00;319.00;2024-03-11 09:00:00+00:00;32.00;32.00;32.00
2024-03-11;11;100.00;-2.88;-2.77;0.00;0.87;2024-03-11 11:00:00+01:00;3.00;308.00;6.00;302.00;2024-03-11 10:00:00+00:00;30.00;30.00;30.00
2024-03-11;12;100.00;-2.88;-2.77;0.00;0.87;2024-03-11 12:00:00+01:00;3.00;280.00;3.00;277.00;2024-03-11 11:00:00+00:00;32.00;32.00;32.00
2024-03-11;13;100.00;-2.88;-2.77;0.00;0.87;2024-03-11 13:00:00+01:00;3.00;278.00;6.00;272.00;2024-03-11 12:00:00+00:00;32.00;31.00;32.00
2024-03-11;14;92.00;-2.88;-2.77;0.00;0.87;2024-03-11 14:00:00+01:00;3.00;315.00;12.00;303.00;2024-03-11 13:00:00+00:00;33.00;34.00;33.00
2024-03-11;15;92.00;-2.88;-2.77;0.00;0.87;2024-03-11 15:00:00+01:00;3.00;343.00;13.00;329.00;2024-03-11 14:00:00+00:00;29.00;28.00;29.00
2024-03-11;16;92.00;-2.88;-2.77;0.00;0.87;2024-03-11 16:00:00+01:00;3.00;483.00;14.00;469.00;2024-03-11 15:00:00+00:00;32.00;29.00;32.00
2024-03-11;17;100.00;-2.88;-2.77;0.00;0.87;2024-03-11 17:00:00+01:00;3.00;397.00;4.00;393.00;2024-03-11 16:00:00+00:00;30.00;32.00;30.00
2024-03-11;18;100.00;-2.88;-2.77;0.00;0.87;2024-03-11 18:00:00+01:00;3.00;247.00;0.00;247.00;2024-03-11 17:00:00+00:00;33.00;NaN;33.00
2024-03-11;19;100.00;-2.88;-2.77;0.00;0.87;2024-03-11 19:00:00+01:00;3.00;229.00;1.00;228.00;2024-03-11 18:00:00+00:00;32.00;31.00;32.00
2024-03-11;20;100.00;-2.88;-2.77;0.00;0.87;2024-03-11 20:00:00+01:00;3.00;174.00;1.00;173.00;2024-03-11 19:00:00+00:00;34.00;33.00;34.00
2024-03-11;21;100.00;-2.88;-2.77;0.00;0.87;2024-03-11 21:00:00+01:00;3.00;160.00;1.00;159.00;2024-03-11 20:00:00+00:00;35.00;33.00;35.00
2024-03-11;22;100.00;-2.88;-2.77;0.00;0.87;2024-03-11 22:00:00+01:00;3.00;151.00;5.00;146.00;2024-03-11 21:00:00+00:00;35.00;33.00;35.00
2024-03-11;23;100.00;-2.88;-2.77;0.00;0.87;2024-03-11 23:00:00+01:00;3.00;113.00;1.00;112.00;2024-03-11 22:00:00+00:00;35.00;37.00;35.00
2024-03-12;0;NaN;NaN;NaN;NaN;NaN;NaN;NaN;NaN;NaN;NaN;2024-03-11 23:00:00+00:00;NaN;NaN;NaN
2024-03-12;1;NaN;NaN;NaN;NaN;NaN;NaN;NaN;NaN;NaN;NaN;2024-03-12 00:00:00+00:00;NaN;NaN;NaN
2024-03-12;2;NaN;NaN;NaN;NaN;NaN;NaN;NaN;NaN;NaN;NaN;2024-03-12 01:00:00+00:00;NaN;NaN;NaN
2024-03-12;3;NaN;NaN;NaN;NaN;NaN;NaN;NaN;NaN;NaN;NaN;2024-03-12 02:00:00+00:00;NaN;NaN;NaN
2024-03-12;4;NaN;NaN;NaN;NaN;NaN;NaN;NaN;NaN;NaN;NaN;2024-03-12 03:00:00+00:00;NaN;NaN;NaN
2024-03-12;5;NaN;NaN;NaN;NaN;NaN;NaN;NaN;NaN;NaN;NaN;2024-03-12 04:00:00+00:00;NaN;NaN;NaN
2024-03-12;6;NaN;NaN;NaN;NaN;NaN;NaN;NaN;NaN;NaN;NaN;2024-03-12 05:00:00+00:00;NaN;NaN;NaN
2024-03-12;7;NaN;NaN;NaN;NaN;NaN;NaN;NaN;NaN;NaN;NaN;2024-03-12 06:00:00+00:00;NaN;NaN;NaN
2024-03-12;8;NaN;NaN;NaN;NaN;NaN;NaN;NaN;NaN;NaN;NaN;2024-03-12 07:00:00+00:00;NaN;NaN;NaN
2024-03-12;9;NaN;NaN;NaN;NaN;NaN;NaN;NaN;NaN;NaN;NaN;2024-03-12 08:00:00+00:00;NaN;NaN;NaN
2024-03-12;10;NaN;NaN;NaN;NaN;NaN;NaN;NaN;NaN;NaN;NaN;2024-03-12 09:00:00+00:00;NaN;NaN;NaN
2024-03-12;11;NaN;NaN;NaN;NaN;NaN;NaN;NaN;NaN;NaN;NaN;2024-03-12 10:00:00+00:00;NaN;NaN;NaN
2024-03-12;12;NaN;NaN;NaN;NaN;NaN;NaN;NaN;NaN;NaN;NaN;2024-03-12 11:00:00+00:00;NaN;NaN;NaN
2024-03-12;13;NaN;NaN;NaN;NaN;NaN;NaN;NaN;NaN;NaN;NaN;2024-03-12 12:00:00+00:00;NaN;NaN;NaN
2024-03-12;14;NaN;NaN;NaN;NaN;NaN;NaN;NaN;NaN;NaN;NaN;2024-03-12 13:00:00+00:00;NaN;NaN;NaN
2024-03-12;15;NaN;NaN;NaN;NaN;NaN;NaN;NaN;NaN;NaN;NaN;2024-03-12 14:00:00+00:00;NaN;NaN;NaN
2024-03-12;16;NaN;NaN;NaN;NaN;NaN;NaN;NaN;NaN;NaN;NaN;2024-03-12 15:00:00+00:00;NaN;NaN;NaN
2024-03-12;17;NaN;NaN;NaN;NaN;NaN;NaN;NaN;NaN;NaN;NaN;2024-03-12 16:00:00+00:00;NaN;NaN;NaN
2024-03-12;18;NaN;NaN;NaN;NaN;NaN;NaN;NaN;NaN;NaN;NaN;2024-03-12 17:00:00+00:00;NaN;NaN;NaN
2024-03-12;19;NaN;NaN;NaN;NaN;NaN;NaN;NaN;NaN;NaN;NaN;2024-03-12 18:00:00+00:00;NaN;NaN;NaN
2024-03-12;20;NaN;NaN;NaN;NaN;NaN;NaN;NaN;NaN;NaN;NaN;2024-03-12 19:00:00+00:00;NaN;NaN;NaN
2024-03-12;21;NaN;NaN;NaN;NaN;NaN;NaN;NaN;NaN;NaN;NaN;2024-03-12 20:00:00+00:00;NaN;NaN;NaN
2024-03-12;22;NaN;NaN;NaN;NaN;NaN;NaN;NaN;NaN;NaN;NaN;2024-03-12 21:00:00+00:00;NaN;NaN;NaN
2024-03-12;23;NaN;NaN;NaN;NaN;NaN;NaN;NaN;NaN;NaN;NaN;2024-03-12 22:00:00+00:00;NaN;NaN;NaN
2024-03-12;0;83.00;-2.88;-2.77;0.00;0.87;2024-03-12 00:00:00+01:00;3.00;61.00;0.00;61.00;2024-03-11 23:00:00+00:00;41.00;NaN;41.00
2024-03-12;1;100.00;-1.26;-2.77;0.00;0.88;2024-03-12 01:00:00+01:00;3.00;32.00;0.00;32.00;2024-03-12 00:00:00+00:00;41.00;NaN;41.00
2024-03-12;2;100.00;-1.26;-2.77;0.00;0.88;2024-03-12 02:00:00+01:00;3.00;30.00;1.00;29.00;2024-03-12 01:00:00+00:00;34.00;36.00;34.00
2024-03-12;3;100.00;-1.26;-2.77;0.00;0.88;2024-03-12 03:00:00+01:00;3.00;24.00;3.00;21.00;2024-03-12 02:00:00+00:00;37.00;38.00;37.00
2024-03-12;4;92.00;-1.26;-2.77;0.00;0.88;2024-03-12 04:00:00+01:00;3.00;28.00;0.00;28.00;2024-03-12 03:00:00+00:00;39.00;NaN;39.00
2024-03-12;5;75.00;-1.26;-2.77;0.00;0.88;2024-03-12 05:00:00+01:00;3.00;69.00;3.00;67.00;2024-03-12 04:00:00+00:00;43.00;42.00;43.00
2024-03-12;6;100.00;-1.26;-2.77;0.00;0.88;2024-03-12 06:00:00+01:00;3.00;157.00;13.00;144.00;2024-03-12 05:00:00+00:00;40.00;41.00;40.00
2024-03-12;7;100.00;-1.26;-2.77;0.00;0.88;2024-03-12 07:00:00+01:00;3.00;313.00;12.00;301.00;2024-03-12 06:00:00+00:00;34.00;37.00;34.00
2024-03-12;8;100.00;-1.26;-2.77;0.00;0.88;2024-03-12 08:00:00+01:00;3.00;314.00;5.00;309.00;2024-03-12 07:00:00+00:00;28.00;30.00;28.00
2024-03-12;9;100.00;-1.26;-2.77;0.00;0.88;2024-03-12 09:00:00+01:00;3.00;338.00;14.00;324.00;2024-03-12 08:00:00+00:00;34.00;35.00;34.00
2024-03-12;10;100.00;-1.26;-2.77;0.00;0.88;2024-03-12 10:00:00+01:00;3.00;361.00;13.00;348.00;2024-03-12 09:00:00+00:00;30.00;33.00;30.00
2024-03-12;11;92.00;-1.26;-2.77;0.00;0.88;2024-03-12 11:00:00+01:00;3.00;334.00;15.00;319.00;2024-03-12 10:00:00+00:00;35.00;35.00;35.00
2024-03-12;12;100.00;-1.26;-2.77;0.00;0.88;2024-03-12 12:00:00+01:00;3.00;338.00;14.00;324.00;2024-03-12 11:00:00+00:00;34.00;36.00;34.00
2024-03-12;13;100.00;-1.26;-2.77;0.00;0.88;2024-03-12 13:00:00+01:00;3.00;335.00;28.00;307.00;2024-03-12 12:00:00+00:00;32.00;34.00;32.00
2024-03-12;14;100.00;-1.26;-2.77;0.00;0.88;2024-03-12 14:00:00+01:00;3.00;369.00;20.00;349.00;2024-03-12 13:00:00+00:00;33.00;33.00;33.00
2024-03-12;15;100.00;-1.26;-2.77;0.00;0.88;2024-03-12 15:00:00+01:00;3.00;272.00;6.00;266.00;2024-03-12 14:00:00+00:00;15.00;20.00;15.00
2024-03-12;16;100.00;-1.26;-2.77;0.00;0.88;2024-03-12 16:00:00+01:00;3.00;344.00;9.00;335.00;2024-03-12 15:00:00+00:00;24.00;26.00;24.00
2024-03-12;17;100.00;-1.26;-2.77;0.00;0.88;2024-03-12 17:00:00+01:00;3.00;317.00;6.00;311.00;2024-03-12 16:00:00+00:00;19.00;22.00;19.00
2024-03-12;18;100.00;-1.26;-2.77;0.00;0.88;2024-03-12 18:00:00+01:00;3.00;338.00;11.00;327.00;2024-03-12 17:00:00+00:00;20.00;20.00;20.00
2024-03-12;19;100.00;-1.26;-2.77;0.00;0.88;2024-03-12 19:00:00+01:00;3.00;238.00;2.00;236.00;2024-03-12 18:00:00+00:00;30.00;28.00;30.00
2024-03-12;20;100.00;-1.26;-2.77;0.00;0.88;2024-03-12 20:00:00+01:00;3.00;189.00;3.00;186.00;2024-03-12 19:00:00+00:00;39.00;40.00;39.00
2024-03-12;21;100.00;-1.26;-2.77;0.00;0.88;2024-03-12 21:00:00+01:00;3.00;188.00;0.00;188.00;2024-03-12 20:00:00+00:00;39.00;NaN;39.00
2024-03-12;22;92.00;-1.26;-2.77;0.00;0.88;2024-03-12 22:00:00+01:00;3.00;139.00;1.00;137.00;2024-03-12 21:00:00+00:00;38.00;41.00;38.00
2024-03-12;23;92.00;-1.26;-2.77;0.00;0.88;2024-03-12 23:00:00+01:00;3.00;111.00;0.00;111.00;2024-03-12 22:00:00+00:00;40.00;NaN;40.00
2024-03-13;0;NaN;NaN;NaN;NaN;NaN;NaN;NaN;NaN;NaN;NaN;2024-03-12 23:00:00+00:00;NaN;NaN;NaN
2024-03-13;1;NaN;NaN;NaN;NaN;NaN;NaN;NaN;NaN;NaN;NaN;2024-03-13 00:00:00+00:00;NaN;NaN;NaN
2024-03-13;2;NaN;NaN;NaN;NaN;NaN;NaN;NaN;NaN;NaN;NaN;2024-03-13 01:00:00+00:00;NaN;NaN;NaN
2024-03-13;3;NaN;NaN;NaN;NaN;NaN;NaN;NaN;NaN;NaN;NaN;2024-03-13 02:00:00+00:00;NaN;NaN;NaN
2024-03-13;4;NaN;NaN;NaN;NaN;NaN;NaN;NaN;NaN;NaN;NaN;2024-03-13 03:00:00+00:00;NaN;NaN;NaN
2024-03-13;5;NaN;NaN;NaN;NaN;NaN;NaN;NaN;NaN;NaN;NaN;2024-03-13 04:00:00+00:00;NaN;NaN;NaN
2024-03-13;6;NaN;NaN;NaN;NaN;NaN;NaN;NaN;NaN;NaN;NaN;2024-03-13 05:00:00+00:00;NaN;NaN;NaN
2024-03-13;7;NaN;NaN;NaN;NaN;NaN;NaN;NaN;NaN;NaN;NaN;2024-03-13 06:00:00+00:00;NaN;NaN;NaN
2024-03-13;8;NaN;NaN;NaN;NaN;NaN;NaN;NaN;NaN;NaN;NaN;2024-03-13 07:00:00+00:00;NaN;NaN;NaN
2024-03-13;9;NaN;NaN;NaN;NaN;NaN;NaN;NaN;NaN;NaN;NaN;2024-03-13 08:00:00+00:00;NaN;NaN;NaN
2024-03-13;10;NaN;NaN;NaN;NaN;NaN;NaN;NaN;NaN;NaN;NaN;2024-03-13 09:00:00+00:00;NaN;NaN;NaN
2024-03-13;11;NaN;NaN;NaN;NaN;NaN;NaN;NaN;NaN;NaN;NaN;2024-03-13 10:00:00+00:00;NaN;NaN;NaN
2024-03-13;12;NaN;NaN;NaN;NaN;NaN;NaN;NaN;NaN;NaN;NaN;2024-03-13 11:00:00+00:00;NaN;NaN;NaN
2024-03-13;13;NaN;NaN;NaN;NaN;NaN;NaN;NaN;NaN;NaN;NaN;2024-03-13 12:00:00+00:00;NaN;NaN;NaN
2024-03-13;14;NaN;NaN;NaN;NaN;NaN;NaN;NaN;NaN;NaN;NaN;2024-03-13 13:00:00+00:00;NaN;NaN;NaN
2024-03-13;15;NaN;NaN;NaN;NaN;NaN;NaN;NaN;NaN;NaN;NaN;2024-03-13 14:00:00+00:00;NaN;NaN;NaN
2024-03-13;16;NaN;NaN;NaN;NaN;NaN;NaN;NaN;NaN;NaN;NaN;2024-03-13 15:00:00+00:00;NaN;NaN;NaN
2024-03-13;17;NaN;NaN;NaN;NaN;NaN;NaN;NaN;NaN;NaN;NaN;2024-03-13 16:00:00+00:00;NaN;NaN;NaN
2024-03-13;18;NaN;NaN;NaN;NaN;NaN;NaN;NaN;NaN;NaN;NaN;2024-03-13 17:00:00+00:00;NaN;NaN;NaN
2024-03-13;19;NaN;NaN;NaN;NaN;NaN;NaN;NaN;NaN;NaN;NaN;2024-03-13 18:00:00+00:00;NaN;NaN;NaN
2024-03-13;20;NaN;NaN;NaN;NaN;NaN;NaN;NaN;NaN;NaN;NaN;2024-03-13 19:00:00+00:00;NaN;NaN;NaN
2024-03-13;21;NaN;NaN;NaN;NaN;NaN;NaN;NaN;NaN;NaN;NaN;2024-03-13 20:00:00+00:00;NaN;NaN;NaN
2024-03-13;22;NaN;NaN;NaN;NaN;NaN;NaN;NaN;NaN;NaN;NaN;2024-03-13 21:00:00+00:00;NaN;NaN;NaN
2024-03-13;23;NaN;NaN;NaN;NaN;NaN;NaN;NaN;NaN;NaN;NaN;2024-03-13 22:00:00+00:00;NaN;NaN;NaN
2024-03-13;0;92.00;-1.26;-2.77;0.00;0.88;2024-03-13 00:00:00+01:00;3.00;83.00;0.00;83.00;2024-03-12 23:00:00+00:00;42.00;NaN;42.00
2024-03-13;1;92.00;-1.82;-2.77;0.00;0.88;2024-03-13 01:00:00+01:00;3.00;53.00;1.00;52.00;2024-03-13 00:00:00+00:00;38.00;40.00;38.00
2024-03-13;2;100.00;-1.82;-2.77;0.00;0.88;2024-03-13 02:00:00+01:00;3.00;37.00;2.00;35.00;2024-03-13 01:00:00+00:00;43.00;45.00;42.00
2024-03-13;3;100.00;-1.82;-2.77;0.00;0.88;2024-03-13 03:00:00+01:00;3.00;19.00;2.00;17.00;2024-03-13 02:00:00+00:00;42.00;40.00;42.00
2024-03-13;4;100.00;-1.82;-2.77;0.00;0.88;2024-03-13 04:00:00+01:00;3.00;28.00;0.00;28.00;2024-03-13 03:00:00+00:00;39.00;NaN;39.00
2024-03-13;5;100.00;-1.82;-2.77;0.00;0.88;2024-03-13 05:00:00+01:00;3.00;59.00;1.00;58.00;2024-03-13 04:00:00+00:00;31.00;31.00;31.00
2024-03-13;6;100.00;-1.82;-2.77;0.00;0.88;2024-03-13 06:00:00+01:00;3.00;167.00;4.00;163.00;2024-03-13 05:00:00+00:00;24.00;29.00;24.00
2024-03-13;7;100.00;-1.82;-2.77;0.00;0.88;2024-03-13 07:00:00+01:00;3.00;301.00;6.00;295.00;2024-03-13 06:00:00+00:00;29.00;32.00;29.00
2024-03-13;8;100.00;-1.82;-2.77;0.00;0.88;2024-03-13 08:00:00+01:00;3.00;296.00;17.00;279.00;2024-03-13 07:00:00+00:00;33.00;34.00;33.00
2024-03-13;9;100.00;-1.82;-2.77;0.00;0.88;2024-03-13 09:00:00+01:00;3.00;282.00;5.00;277.00;2024-03-13 08:00:00+00:00;31.00;34.00;31.00
2024-03-13;10;100.00;-1.82;-2.77;0.00;0.88;2024-03-13 10:00:00+01:00;3.00;288.00;5.00;283.00;2024-03-13 09:00:00+00:00;28.00;28.00;28.00
2024-03-13;11;92.00;-1.82;-2.77;0.00;0.88;2024-03-13 11:00:00+01:00;3.00;283.00;8.00;275.00;2024-03-13 10:00:00+00:00;28.00;30.00;28.00
2024-03-13;12;100.00;-1.82;-2.77;0.00;0.88;2024-03-13 12:00:00+01:00;3.00;348.00;14.00;334.00;2024-03-13 11:00:00+00:00;29.00;27.00;29.00
2024-03-13;13;100.00;-1.82;-2.77;0.00;0.88;2024-03-13 13:00:00+01:00;3.00;335.00;4.00;331.00;2024-03-13 12:00:00+00:00;34.00;36.00;34.00
2024-03-13;14;100.00;-1.82;-2.77;0.00;0.88;2024-03-13 14:00:00+01:00;3.00;325.00;2.00;323.00;2024-03-13 13:00:00+00:00;29.00;26.00;29.00
2024-03-13;15;100.00;-1.82;-2.77;0.00;0.88;2024-03-13 15:00:00+01:00;3.00;409.00;3.00;406.00;2024-03-13 14:00:00+00:00;26.00;24.00;26.00
2024-03-13;16;100.00;-1.82;-2.77;0.00;0.88;2024-03-13 16:00:00+01:00;3.00;371.00;6.00;365.00;2024-03-13 15:00:00+00:00;20.00;17.00;20.00
2024-03-13;17;100.00;-1.82;-2.77;0.00;0.88;2024-03-13 17:00:00+01:00;3.00;351.00;4.00;347.00;2024-03-13 16:00:00+00:00;26.00;26.00;26.00
2024-03-13;18;100.00;-1.82;-2.77;0.00;0.88;2024-03-13 18:00:00+01:00;3.00;336.00;4.00;332.00;2024-03-13 17:00:00+00:00;21.00;21.00;21.00
2024-03-13;19;100.00;-1.82;-2.77;0.00;0.88;2024-03-13 19:00:00+01:00;3.00;264.00;1.00;263.00;2024-03-13 18:00:00+00:00;28.00;31.00;28.00
2024-03-13;20;92.00;-1.82;-2.77;0.00;0.88;2024-03-13 20:00:00+01:00;3.00;204.00;2.00;202.00;2024-03-13 19:00:00+00:00;29.00;30.00;29.00
2024-03-13;21;92.00;-1.82;-2.77;0.00;0.88;2024-03-13 21:00:00+01:00;3.00;168.00;3.00;165.00;2024-03-13 20:00:00+00:00;35.00;37.00;35.00
2024-03-13;22;92.00;-1.82;-2.77;0.00;0.88;2024-03-13 22:00:00+01:00;3.00;161.00;0.00;161.00;2024-03-13 21:00:00+00:00;33.00;NaN;33.00
2024-03-13;23;92.00;-1.82;-2.77;0.00;0.88;2024-03-13 23:00:00+01:00;3.00;135.00;0.00;135.00;2024-03-13 22:00:00+00:00;39.00;NaN;39.00
2024-03-14;0;NaN;NaN;NaN;NaN;NaN;NaN;NaN;NaN;NaN;NaN;2024-03-13 23:00:00+00:00;NaN;NaN;NaN
2024-03-14;1;NaN;NaN;NaN;NaN;NaN;NaN;NaN;NaN;NaN;NaN;2024-03-14 00:00:00+00:00;NaN;NaN;NaN
2024-03-14;2;NaN;NaN;NaN;NaN;NaN;NaN;NaN;NaN;NaN;NaN;2024-03-14 01:00:00+00:00;NaN;NaN;NaN
2024-03-14;3;NaN;NaN;NaN;NaN;NaN;NaN;NaN;NaN;NaN;NaN;2024-03-14 02:00:00+00:00;NaN;NaN;NaN
2024-03-14;4;NaN;NaN;NaN;NaN;NaN;NaN;NaN;NaN;NaN;NaN;2024-03-14 03:00:00+00:00;NaN;NaN;NaN
2024-03-14;5;NaN;NaN;NaN;NaN;NaN;NaN;NaN;NaN;NaN;NaN;2024-03-14 04:00:00+00:00;NaN;NaN;NaN
2024-03-14;6;NaN;NaN;NaN;NaN;NaN;NaN;NaN;NaN;NaN;NaN;2024-03-14 05:00:00+00:00;NaN;NaN;NaN
2024-03-14;7;NaN;NaN;NaN;NaN;NaN;NaN;NaN;NaN;NaN;NaN;2024-03-14 06:00:00+00:00;NaN;NaN;NaN
2024-03-14;8;NaN;NaN;NaN;NaN;NaN;NaN;NaN;NaN;NaN;NaN;2024-03-14 07:00:00+00:00;NaN;NaN;NaN
2024-03-14;9;NaN;NaN;NaN;NaN;NaN;NaN;NaN;NaN;NaN;NaN;2024-03-14 08:00:00+00:00;NaN;NaN;NaN
2024-03-14;10;NaN;NaN;NaN;NaN;NaN;NaN;NaN;NaN;NaN;NaN;2024-03-14 09:00:00+00:00;NaN;NaN;NaN
2024-03-14;11;NaN;NaN;NaN;NaN;NaN;NaN;NaN;NaN;NaN;NaN;2024-03-14 10:00:00+00:00;NaN;NaN;NaN
2024-03-14;12;NaN;NaN;NaN;NaN;NaN;NaN;NaN;NaN;NaN;NaN;2024-03-14 11:00:00+00:00;NaN;NaN;NaN
2024-03-14;13;NaN;NaN;NaN;NaN;NaN;NaN;NaN;NaN;NaN;NaN;2024-03-14 12:00:00+00:00;NaN;NaN;NaN
2024-03-14;14;NaN;NaN;NaN;NaN;NaN;NaN;NaN;NaN;NaN;NaN;2024-03-14 13:00:00+00:00;NaN;NaN;NaN
2024-03-14;15;NaN;NaN;NaN;NaN;NaN;NaN;NaN;NaN;NaN;NaN;2024-03-14 14:00:00+00:00;NaN;NaN;NaN
2024-03-14;16;NaN;NaN;NaN;NaN;NaN;NaN;NaN;NaN;NaN;NaN;2024-03-14 15:00:00+00:00;NaN;NaN;NaN
2024-03-14;17;NaN;NaN;NaN;NaN;NaN;NaN;NaN;NaN;NaN;NaN;2024-03-14 16:00:00+00:00;NaN;NaN;NaN
2024-03-14;18;NaN;NaN;NaN;NaN;NaN;NaN;NaN;NaN;NaN;NaN;2024-03-14 17:00:00+00:00;NaN;NaN;NaN
2024-03-14;19;NaN;NaN;NaN;NaN;NaN;NaN;NaN;NaN;NaN;NaN;2024-03-14 18:00:00+00:00;NaN;NaN;NaN
2024-03-14;20;NaN;NaN;NaN;NaN;NaN;NaN;NaN;NaN;NaN;NaN;2024-03-14 19:00:00+00:00;NaN;NaN;NaN
2024-03-14;21;NaN;NaN;NaN;NaN;NaN;NaN;NaN;NaN;NaN;NaN;2024-03-14 20:00:00+00:00;NaN;NaN;NaN
2024-03-14;22;NaN;NaN;NaN;NaN;NaN;NaN;NaN;NaN;NaN;NaN;2024-03-14 21:00:00+00:00;NaN;NaN;NaN
2024-03-14;23;NaN;NaN;NaN;NaN;NaN;NaN;NaN;NaN;NaN;NaN;2024-03-14 22:00:00+00:00;NaN;NaN;NaN
2024-03-14;0;100.00;-1.82;-2.77;0.00;0.88;2024-03-14 00:00:00+01:00;3.00;63.00;0.00;63.00;2024-03-13 23:00:00+00:00;48.00;NaN;48.00
2024-03-14;1;100.00;-1.78;0.00;0.00;0.87;2024-03-14 01:00:00+01:00;3.00;58.00;1.00;57.00;2024-03-14 00:00:00+00:00;47.00;46.00;47.00
2024-03-14;2;100.00;-1.78;0.00;0.00;0.87;2024-03-14 02:00:00+01:00;3.00;48.00;2.00;46.00;2024-03-14 01:00:00+00:00;41.00;41.00;41.00
2024-03-14;3;100.00;-1.78;0.00;0.00;0.87;2024-03-14 03:00:00+01:00;3.00;32.00;3.00;29.00;2024-03-14 02:00:00+00:00;36.00;35.00;36.00
2024-03-14;4;100.00;-1.78;0.00;0.00;0.87;2024-03-14 04:00:00+01:00;3.00;25.00;0.00;25.00;2024-03-14 03:00:00+00:00;49.00;NaN;49.00
2024-03-14;5;100.00;-1.78;0.00;0.00;0.87;2024-03-14 05:00:00+01:00;3.00;47.00;2.00;45.00;2024-03-14 04:00:00+00:00;46.00;48.00;46.00
2024-03-14;6;100.00;-1.78;0.00;0.00;0.87;2024-03-14 06:00:00+01:00;3.00;129.00;3.00;126.00;2024-03-14 05:00:00+00:00;44.00;47.00;44.00
2024-03-14;7;100.00;-1.78;0.00;0.00;0.87;2024-03-14 07:00:00+01:00;3.00;261.00;8.00;253.00;2024-03-14 06:00:00+00:00;37.00;36.00;37.00
2024-03-14;8;100.00;-1.78;0.00;0.00;0.87;2024-03-14 08:00:00+01:00;3.00;286.00;16.00;270.00;2024-03-14 07:00:00+00:00;30.00;36.00;30.00
2024-03-14;9;100.00;-1.78;0.00;0.00;0.87;2024-03-14 09:00:00+01:00;3.00;242.00;18.00;224.00;2024-03-14 08:00:00+00:00;43.00;44.00;43.00
2024-03-14;10;100.00;-1.78;0.00;0.00;0.87;2024-03-14 10:00:00+01:00;3.00;313.00;26.00;287.00;2024-03-14 09:00:00+00:00;38.00;38.00;38.00
2024-03-14;11;100.00;-1.78;0.00;0.00;0.87;2024-03-14 11:00:00+01:00;3.00;323.00;11.00;312.00;2024-03-14 10:00:00+00:00;35.00;33.00;35.00
2024-03-14;12;100.00;-1.78;0.00;0.00;0.87;2024-03-14 12:00:00+01:00;3.00;288.00;7.00;281.00;2024-03-14 11:00:00+00:00;34.00;31.00;34.00
2024-03-14;13;100.00;-1.78;0.00;0.00;0.87;2024-03-14 13:00:00+01:00;3.00;324.00;13.00;311.00;2024-03-14 12:00:00+00:00;36.00;35.00;36.00
2024-03-14;14;100.00;-1.78;0.00;0.00;0.87;2024-03-14 14:00:00+01:00;3.00;347.00;15.00;332.00;2024-03-14 13:00:00+00:00;31.00;31.00;31.00
2024-03-14;15;100.00;-1.78;0.00;0.00;0.87;2024-03-14 15:00:00+01:00;3.00;401.00;7.00;394.00;2024-03-14 14:00:00+00:00;33.00;33.00;33.00
2024-03-14;16;100.00;-1.78;0.00;0.00;0.87;2024-03-14 16:00:00+01:00;3.00;380.00;8.00;372.00;2024-03-14 15:00:00+00:00;30.00;31.00;30.00
2024-03-14;17;92.00;-1.78;0.00;0.00;0.87;2024-03-14 17:00:00+01:00;3.00;309.00;1.00;308.00;2024-03-14 16:00:00+00:00;21.00;27.00;21.00
2024-03-14;18;92.00;-1.78;0.00;0.00;0.87;2024-03-14 18:00:00+01:00;3.00;334.00;1.00;333.00;2024-03-14 17:00:00+00:00;28.00;34.00;28.00
2024-03-14;19;100.00;-1.78;0.00;0.00;0.87;2024-03-14 19:00:00+01:00;3.00;259.00;3.00;256.00;2024-03-14 18:00:00+00:00;30.00;32.00;30.00
2024-03-14;20;100.00;-1.78;0.00;0.00;0.87;2024-03-14 20:00:00+01:00;3.00;228.00;0.00;228.00;2024-03-14 19:00:00+00:00;27.00;NaN;27.00
2024-03-14;21;100.00;-1.78;0.00;0.00;0.87;2024-03-14 21:00:00+01:00;3.00;195.00;0.00;195.00;2024-03-14 20:00:00+00:00;33.00;NaN;33.00
2024-03-14;22;100.00;-1.78;0.00;0.00;0.87;2024-03-14 22:00:00+01:00;3.00;180.00;0.00;180.00;2024-03-14 21:00:00+00:00;26.00;NaN;26.00
2024-03-14;23;100.00;-1.78;0.00;0.00;0.87;2024-03-14 23:00:00+01:00;3.00;156.00;0.00;156.00;2024-03-14 22:00:00+00:00;28.00;NaN;28.00
2024-03-15;0;NaN;NaN;NaN;NaN;NaN;NaN;NaN;NaN;NaN;NaN;2024-03-14 23:00:00+00:00;NaN;NaN;NaN
2024-03-15;1;NaN;NaN;NaN;NaN;NaN;NaN;NaN;NaN;NaN;NaN;2024-03-15 00:00:00+00:00;NaN;NaN;NaN
2024-03-15;2;NaN;NaN;NaN;NaN;NaN;NaN;NaN;NaN;NaN;NaN;2024-03-15 01:00:00+00:00;NaN;NaN;NaN
2024-03-15;3;NaN;NaN;NaN;NaN;NaN;NaN;NaN;NaN;NaN;NaN;2024-03-15 02:00:00+00:00;NaN;NaN;NaN
2024-03-15;4;NaN;NaN;NaN;NaN;NaN;NaN;NaN;NaN;NaN;NaN;2024-03-15 03:00:00+00:00;NaN;NaN;NaN
2024-03-15;5;NaN;NaN;NaN;NaN;NaN;NaN;NaN;NaN;NaN;NaN;2024-03-15 04:00:00+00:00;NaN;NaN;NaN
2024-03-15;6;NaN;NaN;NaN;NaN;NaN;NaN;NaN;NaN;NaN;NaN;2024-03-15 05:00:00+00:00;NaN;NaN;NaN
2024-03-15;7;NaN;NaN;NaN;NaN;NaN;NaN;NaN;NaN;NaN;NaN;2024-03-15 06:00:00+00:00;NaN;NaN;NaN
2024-03-15;8;NaN;NaN;NaN;NaN;NaN;NaN;NaN;NaN;NaN;NaN;2024-03-15 07:00:00+00:00;NaN;NaN;NaN
2024-03-15;9;NaN;NaN;NaN;NaN;NaN;NaN;NaN;NaN;NaN;NaN;2024-03-15 08:00:00+00:00;NaN;NaN;NaN
2024-03-15;10;NaN;NaN;NaN;NaN;NaN;NaN;NaN;NaN;NaN;NaN;2024-03-15 09:00:00+00:00;NaN;NaN;NaN
2024-03-15;11;NaN;NaN;NaN;NaN;NaN;NaN;NaN;NaN;NaN;NaN;2024-03-15 10:00:00+00:00;NaN;NaN;NaN
2024-03-15;12;NaN;NaN;NaN;NaN;NaN;NaN;NaN;NaN;NaN;NaN;2024-03-15 11:00:00+00:00;NaN;NaN;NaN
2024-03-15;13;NaN;NaN;NaN;NaN;NaN;NaN;NaN;NaN;NaN;NaN;2024-03-15 12:00:00+00:00;NaN;NaN;NaN
2024-03-15;14;NaN;NaN;NaN;NaN;NaN;NaN;NaN;NaN;NaN;NaN;2024-03-15 13:00:00+00:00;NaN;NaN;NaN
2024-03-15;15;NaN;NaN;NaN;NaN;NaN;NaN;NaN;NaN;NaN;NaN;2024-03-15 14:00:00+00:00;NaN;NaN;NaN
2024-03-15;16;NaN;NaN;NaN;NaN;NaN;NaN;NaN;NaN;NaN;NaN;2024-03-15 15:00:00+00:00;NaN;NaN;NaN
2024-03-15;17;NaN;NaN;NaN;NaN;NaN;NaN;NaN;NaN;NaN;NaN;2024-03-15 16:00:00+00:00;NaN;NaN;NaN
2024-03-15;18;NaN;NaN;NaN;NaN;NaN;NaN;NaN;NaN;NaN;NaN;2024-03-15 17:00:00+00:00;NaN;NaN;NaN
2024-03-15;19;NaN;NaN;NaN;NaN;NaN;NaN;NaN;NaN;NaN;NaN;2024-03-15 18:00:00+00:00;NaN;NaN;NaN
2024-03-15;20;NaN;NaN;NaN;NaN;NaN;NaN;NaN;NaN;NaN;NaN;2024-03-15 19:00:00+00:00;NaN;NaN;NaN
2024-03-15;21;NaN;NaN;NaN;NaN;NaN;NaN;NaN;NaN;NaN;NaN;2024-03-15 20:00:00+00:00;NaN;NaN;NaN
2024-03-15;22;NaN;NaN;NaN;NaN;NaN;NaN;NaN;NaN;NaN;NaN;2024-03-15 21:00:00+00:00;NaN;NaN;NaN
2024-03-15;23;NaN;NaN;NaN;NaN;NaN;NaN;NaN;NaN;NaN;NaN;2024-03-15 22:00:00+00:00;NaN;NaN;NaN
2024-03-15;0;100.00;-1.78;0.00;0.00;0.87;2024-03-15 00:00:00+01:00;3.00;95.00;2.00;93.00;2024-03-14 23:00:00+00:00;33.00;31.00;33.00
2024-03-15;1;100.00;-1.39;0.00;0.00;0.83;2024-03-15 01:00:00+01:00;3.00;80.00;1.00;79.00;2024-03-15 00:00:00+00:00;38.00;43.00;38.00
2024-03-15;2;100.00;-1.39;0.00;0.00;0.83;2024-03-15 02:00:00+01:00;3.00;50.00;2.00;48.00;2024-03-15 01:00:00+00:00;42.00;43.00;42.00
2024-03-15;3;100.00;-1.39;0.00;0.00;0.83;2024-03-15 03:00:00+01:00;3.00;25.00;2.00;23.00;2024-03-15 02:00:00+00:00;44.00;45.00;43.00
2024-03-15;4;100.00;-1.39;0.00;0.00;0.83;2024-03-15 04:00:00+01:00;3.00;30.00;0.00;30.00;2024-03-15 03:00:00+00:00;42.00;NaN;42.00
2024-03-15;5;100.00;-1.39;0.00;0.00;0.83;2024-03-15 05:00:00+01:00;3.00;71.00;0.00;71.00;2024-03-15 04:00:00+00:00;39.00;NaN;39.00
2024-03-15;6;100.00;-1.39;0.00;0.00;0.83;2024-03-15 06:00:00+01:00;3.00;149.00;10.00;139.00;2024-03-15 05:00:00+00:00;39.00;45.00;39.00
2024-03-15;7;100.00;-1.39;0.00;0.00;0.83;2024-03-15 07:00:00+01:00;3.00;292.00;18.00;274.00;2024-03-15 06:00:00+00:00;34.00;37.00;33.00
2024-03-15;8;100.00;-1.39;0.00;0.00;0.83;2024-03-15 08:00:00+01:00;3.00;255.00;16.00;239.00;2024-03-15 07:00:00+00:00;30.00;33.00;30.00
2024-03-15;9;100.00;-1.39;0.00;0.00;0.83;2024-03-15 09:00:00+01:00;3.00;263.00;7.00;256.00;2024-03-15 08:00:00+00:00;33.00;33.00;33.00
2024-03-15;10;100.00;-1.39;0.00;0.00;0.83;2024-03-15 10:00:00+01:00;3.00;286.00;17.00;269.00;2024-03-15 09:00:00+00:00;38.00;38.00;38.00
2024-03-15;11;42.00;-1.39;0.00;0.00;0.83;2024-03-15 11:00:00+01:00;3.00;298.00;2.00;295.00;2024-03-15 10:00:00+00:00;28.00;27.00;28.00
2024-03-15;18;75.00;-1.39;0.00;0.00;0.83;2024-03-15 18:00:00+01:00;3.00;276.00;0.00;276.00;2024-03-15 17:00:00+00:00;29.00;NaN;29.00
2024-03-15;19;100.00;-1.39;0.00;0.00;0.83;2024-03-15 19:00:00+01:00;3.00;261.00;2.00;259.00;2024-03-15 18:00:00+00:00;27.00;30.00;27.00
2024-03-15;20;100.00;-1.39;0.00;0.00;0.83;2024-03-15 20:00:00+01:00;3.00;248.00;2.00;246.00;2024-03-15 19:00:00+00:00;29.00;30.00;29.00
2024-03-15;21;92.00;-1.39;0.00;0.00;0.83;2024-03-15 21:00:00+01:00;3.00;231.00;0.00;231.00;2024-03-15 20:00:00+00:00;27.00;NaN;27.00
2024-03-15;22;92.00;-1.39;0.00;0.00;0.83;2024-03-15 22:00:00+01:00;3.00;192.00;1.00;191.00;2024-03-15 21:00:00+00:00;30.00;35.00;30.00
2024-03-15;23;92.00;-1.39;0.00;0.00;0.83;2024-03-15 23:00:00+01:00;3.00;155.00;0.00;155.00;2024-03-15 22:00:00+00:00;25.00;NaN;25.00
2024-03-16;0;NaN;NaN;NaN;NaN;NaN;NaN;NaN;NaN;NaN;NaN;2024-03-15 23:00:00+00:00;NaN;NaN;NaN
2024-03-16;1;NaN;NaN;NaN;NaN;NaN;NaN;NaN;NaN;NaN;NaN;2024-03-16 00:00:00+00:00;NaN;NaN;NaN
2024-03-16;2;NaN;NaN;NaN;NaN;NaN;NaN;NaN;NaN;NaN;NaN;2024-03-16 01:00:00+00:00;NaN;NaN;NaN
2024-03-16;3;NaN;NaN;NaN;NaN;NaN;NaN;NaN;NaN;NaN;NaN;2024-03-16 02:00:00+00:00;NaN;NaN;NaN
2024-03-16;4;NaN;NaN;NaN;NaN;NaN;NaN;NaN;NaN;NaN;NaN;2024-03-16 03:00:00+00:00;NaN;NaN;NaN
2024-03-16;5;NaN;NaN;NaN;NaN;NaN;NaN;NaN;NaN;NaN;NaN;2024-03-16 04:00:00+00:00;NaN;NaN;NaN
2024-03-16;6;NaN;NaN;NaN;NaN;NaN;NaN;NaN;NaN;NaN;NaN;2024-03-16 05:00:00+00:00;NaN;NaN;NaN
2024-03-16;7;NaN;NaN;NaN;NaN;NaN;NaN;NaN;NaN;NaN;NaN;2024-03-16 06:00:00+00:00;NaN;NaN;NaN
2024-03-16;8;NaN;NaN;NaN;NaN;NaN;NaN;NaN;NaN;NaN;NaN;2024-03-16 07:00:00+00:00;NaN;NaN;NaN
2024-03-16;9;NaN;NaN;NaN;NaN;NaN;NaN;NaN;NaN;NaN;NaN;2024-03-16 08:00:00+00:00;NaN;NaN;NaN
2024-03-16;10;NaN;NaN;NaN;NaN;NaN;NaN;NaN;NaN;NaN;NaN;2024-03-16 09:00:00+00:00;NaN;NaN;NaN
2024-03-16;11;NaN;NaN;NaN;NaN;NaN;NaN;NaN;NaN;NaN;NaN;2024-03-16 10:00:00+00:00;NaN;NaN;NaN
2024-03-16;12;NaN;NaN;NaN;NaN;NaN;NaN;NaN;NaN;NaN;NaN;2024-03-16 11:00:00+00:00;NaN;NaN;NaN
2024-03-16;13;NaN;NaN;NaN;NaN;NaN;NaN;NaN;NaN;NaN;NaN;2024-03-16 12:00:00+00:00;NaN;NaN;NaN
2024-03-16;14;NaN;NaN;NaN;NaN;NaN;NaN;NaN;NaN;NaN;NaN;2024-03-16 13:00:00+00:00;NaN;NaN;NaN
2024-03-16;15;NaN;NaN;NaN;NaN;NaN;NaN;NaN;NaN;NaN;NaN;2024-03-16 14:00:00+00:00;NaN;NaN;NaN
2024-03-16;16;NaN;NaN;NaN;NaN;NaN;NaN;NaN;NaN;NaN;NaN;2024-03-16 15:00:00+00:00;NaN;NaN;NaN
2024-03-16;17;NaN;NaN;NaN;NaN;NaN;NaN;NaN;NaN;NaN;NaN;2024-03-16 16:00:00+00:00;NaN;NaN;NaN
2024-03-16;18;NaN;NaN;NaN;NaN;NaN;NaN;NaN;NaN;NaN;NaN;2024-03-16 17:00:00+00:00;NaN;NaN;NaN
2024-03-16;19;NaN;NaN;NaN;NaN;NaN;NaN;NaN;NaN;NaN;NaN;2024-03-16 18:00:00+00:00;NaN;NaN;NaN
2024-03-16;20;NaN;NaN;NaN;NaN;NaN;NaN;NaN;NaN;NaN;NaN;2024-03-16 19:00:00+00:00;NaN;NaN;NaN
2024-03-16;21;NaN;NaN;NaN;NaN;NaN;NaN;NaN;NaN;NaN;NaN;2024-03-16 20:00:00+00:00;NaN;NaN;NaN
2024-03-16;22;NaN;NaN;NaN;NaN;NaN;NaN;NaN;NaN;NaN;NaN;2024-03-16 21:00:00+00:00;NaN;NaN;NaN
2024-03-16;23;NaN;NaN;NaN;NaN;NaN;NaN;NaN;NaN;NaN;NaN;2024-03-16 22:00:00+00:00;NaN;NaN;NaN
2024-03-16;0;92.00;-1.39;0.00;0.00;0.83;2024-03-16 00:00:00+01:00;3.00;111.00;0.00;111.00;2024-03-15 23:00:00+00:00;24.00;NaN;24.00
2024-03-16;1;100.00;-1.30;0.00;0.00;0.85;2024-03-16 01:00:00+01:00;3.00;102.00;0.00;102.00;2024-03-16 00:00:00+00:00;25.00;NaN;25.00
2024-03-16;2;100.00;-1.30;0.00;0.00;0.85;2024-03-16 02:00:00+01:00;3.00;76.00;0.00;76.00;2024-03-16 01:00:00+00:00;36.00;NaN;36.00
2024-03-16;3;100.00;-1.30;0.00;0.00;0.85;2024-03-16 03:00:00+01:00;3.00;70.00;0.00;70.00;2024-03-16 02:00:00+00:00;35.00;NaN;35.00
2024-03-16;4;100.00;-1.30;0.00;0.00;0.85;2024-03-16 04:00:00+01:00;3.00;36.00;1.00;35.00;2024-03-16 03:00:00+00:00;41.00;39.00;41.00
2024-03-16;5;100.00;-1.30;0.00;0.00;0.85;2024-03-16 05:00:00+01:00;3.00;55.00;1.00;54.00;2024-03-16 04:00:00+00:00;38.00;43.00;38.00
2024-03-16;6;100.00;-1.30;0.00;0.00;0.85;2024-03-16 06:00:00+01:00;3.00;62.00;2.00;60.00;2024-03-16 05:00:00+00:00;37.00;40.00;36.00
2024-03-16;7;100.00;-1.30;0.00;0.00;0.85;2024-03-16 07:00:00+01:00;3.00;110.00;0.00;110.00;2024-03-16 06:00:00+00:00;28.00;NaN;28.00
2024-03-16;8;100.00;-1.30;0.00;0.00;0.85;2024-03-16 08:00:00+01:00;3.00;120.00;0.00;120.00;2024-03-16 07:00:00+00:00;26.00;NaN;26.00
2024-03-16;9;100.00;-1.30;0.00;0.00;0.85;2024-03-16 09:00:00+01:00;3.00;184.00;0.00;184.00;2024-03-16 08:00:00+00:00;15.00;NaN;15.00
2024-03-16;10;100.00;-1.30;0.00;0.00;0.85;2024-03-16 10:00:00+01:00;3.00;190.00;2.00;188.00;2024-03-16 09:00:00+00:00;33.00;32.00;33.00
2024-03-16;11;92.00;-1.30;0.00;0.00;0.85;2024-03-16 11:00:00+01:00;3.00;254.00;3.00;251.00;2024-03-16 10:00:00+00:00;29.00;30.00;29.00
2024-03-16;12;100.00;-1.30;0.00;0.00;0.85;2024-03-16 12:00:00+01:00;3.00;256.00;1.00;255.00;2024-03-16 11:00:00+00:00;17.00;18.00;17.00
2024-03-16;13;100.00;-1.30;0.00;0.00;0.85;2024-03-16 13:00:00+01:00;3.00;304.00;1.00;303.00;2024-03-16 12:00:00+00:00;12.00;12.00;12.00
2024-03-16;14;100.00;-1.30;0.00;0.00;0.85;2024-03-16 14:00:00+01:00;3.00;325.00;5.00;320.00;2024-03-16 13:00:00+00:00;31.00;33.00;31.00
2024-03-16;15;100.00;-1.30;0.00;0.00;0.85;2024-03-16 15:00:00+01:00;3.00;309.00;5.00;304.00;2024-03-16 14:00:00+00:00;29.00;31.00;29.00
2024-03-16;16;100.00;-1.30;0.00;0.00;0.85;2024-03-16 16:00:00+01:00;3.00;317.00;4.00;313.00;2024-03-16 15:00:00+00:00;31.00;32.00;31.00
2024-03-16;17;100.00;-1.30;0.00;0.00;0.85;2024-03-16 17:00:00+01:00;3.00;335.00;14.00;321.00;2024-03-16 16:00:00+00:00;32.00;34.00;32.00
2024-03-16;18;100.00;-1.30;0.00;0.00;0.85;2024-03-16 18:00:00+01:00;3.00;236.00;2.00;234.00;2024-03-16 17:00:00+00:00;34.00;36.00;34.00
2024-03-16;19;100.00;-1.30;0.00;0.00;0.85;2024-03-16 19:00:00+01:00;3.00;254.00;2.00;252.00;2024-03-16 18:00:00+00:00;30.00;30.00;30.00
2024-03-16;20;100.00;-1.30;0.00;0.00;0.85;2024-03-16 20:00:00+01:00;3.00;208.00;0.00;208.00;2024-03-16 19:00:00+00:00;29.00;NaN;29.00
2024-03-16;21;100.00;-1.30;0.00;0.00;0.85;2024-03-16 21:00:00+01:00;3.00;239.00;2.00;237.00;2024-03-16 20:00:00+00:00;33.00;33.00;33.00
2024-03-16;22;100.00;-1.30;0.00;0.00;0.85;2024-03-16 22:00:00+01:00;3.00;203.00;0.00;203.00;2024-03-16 21:00:00+00:00;36.00;NaN;36.00
2024-03-16;23;100.00;-1.30;0.00;0.00;0.85;2024-03-16 23:00:00+01:00;3.00;171.00;3.00;168.00;2024-03-16 22:00:00+00:00;36.00;36.00;36.00
2024-03-17;0;NaN;NaN;NaN;NaN;NaN;NaN;NaN;NaN;NaN;NaN;2024-03-16 23:00:00+00:00;NaN;NaN;NaN
2024-03-17;1;NaN;NaN;NaN;NaN;NaN;NaN;NaN;NaN;NaN;NaN;2024-03-17 00:00:00+00:00;NaN;NaN;NaN
2024-03-17;2;NaN;NaN;NaN;NaN;NaN;NaN;NaN;NaN;NaN;NaN;2024-03-17 01:00:00+00:00;NaN;NaN;NaN
2024-03-17;3;NaN;NaN;NaN;NaN;NaN;NaN;NaN;NaN;NaN;NaN;2024-03-17 02:00:00+00:00;NaN;NaN;NaN
2024-03-17;4;NaN;NaN;NaN;NaN;NaN;NaN;NaN;NaN;NaN;NaN;2024-03-17 03:00:00+00:00;NaN;NaN;NaN
2024-03-17;5;NaN;NaN;NaN;NaN;NaN;NaN;NaN;NaN;NaN;NaN;2024-03-17 04:00:00+00:00;NaN;NaN;NaN
2024-03-17;6;NaN;NaN;NaN;NaN;NaN;NaN;NaN;NaN;NaN;NaN;2024-03-17 05:00:00+00:00;NaN;NaN;NaN
2024-03-17;7;NaN;NaN;NaN;NaN;NaN;NaN;NaN;NaN;NaN;NaN;2024-03-17 06:00:00+00:00;NaN;NaN;NaN
2024-03-17;8;NaN;NaN;NaN;NaN;NaN;NaN;NaN;NaN;NaN;NaN;2024-03-17 07:00:00+00:00;NaN;NaN;NaN
2024-03-17;9;NaN;NaN;NaN;NaN;NaN;NaN;NaN;NaN;NaN;NaN;2024-03-17 08:00:00+00:00;NaN;NaN;NaN
2024-03-17;10;NaN;NaN;NaN;NaN;NaN;NaN;NaN;NaN;NaN;NaN;2024-03-17 09:00:00+00:00;NaN;NaN;NaN
2024-03-17;11;NaN;NaN;NaN;NaN;NaN;NaN;NaN;NaN;NaN;NaN;2024-03-17 10:00:00+00:00;NaN;NaN;NaN
2024-03-17;12;NaN;NaN;NaN;NaN;NaN;NaN;NaN;NaN;NaN;NaN;2024-03-17 11:00:00+00:00;NaN;NaN;NaN
2024-03-17;13;NaN;NaN;NaN;NaN;NaN;NaN;NaN;NaN;NaN;NaN;2024-03-17 12:00:00+00:00;NaN;NaN;NaN
2024-03-17;14;NaN;NaN;NaN;NaN;NaN;NaN;NaN;NaN;NaN;NaN;2024-03-17 13:00:00+00:00;NaN;NaN;NaN
2024-03-17;15;NaN;NaN;NaN;NaN;NaN;NaN;NaN;NaN;NaN;NaN;2024-03-17 14:00:00+00:00;NaN;NaN;NaN
2024-03-17;16;NaN;NaN;NaN;NaN;NaN;NaN;NaN;NaN;NaN;NaN;2024-03-17 15:00:00+00:00;NaN;NaN;NaN
2024-03-17;17;NaN;NaN;NaN;NaN;NaN;NaN;NaN;NaN;NaN;NaN;2024-03-17 16:00:00+00:00;NaN;NaN;NaN
2024-03-17;18;NaN;NaN;NaN;NaN;NaN;NaN;NaN;NaN;NaN;NaN;2024-03-17 17:00:00+00:00;NaN;NaN;NaN
2024-03-17;19;NaN;NaN;NaN;NaN;NaN;NaN;NaN;NaN;NaN;NaN;2024-03-17 18:00:00+00:00;NaN;NaN;NaN
2024-03-17;20;NaN;NaN;NaN;NaN;NaN;NaN;NaN;NaN;NaN;NaN;2024-03-17 19:00:00+00:00;NaN;NaN;NaN
2024-03-17;21;NaN;NaN;NaN;NaN;NaN;NaN;NaN;NaN;NaN;NaN;2024-03-17 20:00:00+00:00;NaN;NaN;NaN
2024-03-17;22;NaN;NaN;NaN;NaN;NaN;NaN;NaN;NaN;NaN;NaN;2024-03-17 21:00:00+00:00;NaN;NaN;NaN
2024-03-17;23;NaN;NaN;NaN;NaN;NaN;NaN;NaN;NaN;NaN;NaN;2024-03-17 22:00:00+00:00;NaN;NaN;NaN
2024-03-17;0;100.00;-1.30;0.00;0.00;0.85;2024-03-17 00:00:00+01:00;3.00;155.00;0.00;155.00;2024-03-16 23:00:00+00:00;35.00;NaN;35.00
2024-03-17;1;100.00;0.24;0.00;0.00;0.85;2024-03-17 01:00:00+01:00;3.00;112.00;1.00;111.00;2024-03-17 00:00:00+00:00;37.00;34.00;37.00
2024-03-17;2;100.00;0.24;0.00;0.00;0.85;2024-03-17 02:00:00+01:00;3.00;105.00;2.00;103.00;2024-03-17 01:00:00+00:00;39.00;40.00;39.00
2024-03-17;3;100.00;0.24;0.00;0.00;0.85;2024-03-17 03:00:00+01:00;3.00;77.00;0.00;77.00;2024-03-17 02:00:00+00:00;43.00;NaN;43.00
2024-03-17;4;100.00;0.24;0.00;0.00;0.85;2024-03-17 04:00:00+01:00;3.00;51.00;1.00;50.00;2024-03-17 03:00:00+00:00;39.00;41.00;39.00
2024-03-17;5;100.00;0.24;0.00;0.00;0.85;2024-03-17 05:00:00+01:00;3.00;49.00;0.00;49.00;2024-03-17 04:00:00+00:00;41.00;NaN;41.00
2024-03-17;6;100.00;0.24;0.00;0.00;0.85;2024-03-17 06:00:00+01:00;3.00;38.00;2.00;36.00;2024-03-17 05:00:00+00:00;42.00;40.00;42.00
2024-03-17;7;100.00;0.24;0.00;0.00;0.85;2024-03-17 07:00:00+01:00;3.00;47.00;1.00;46.00;2024-03-17 06:00:00+00:00;38.00;37.00;38.00
2024-03-17;8;92.00;0.24;0.00;0.00;0.85;2024-03-17 08:00:00+01:00;3.00;72.00;1.00;71.00;2024-03-17 07:00:00+00:00;34.00;36.00;34.00
2024-03-17;9;92.00;0.24;0.00;0.00;0.85;2024-03-17 09:00:00+01:00;3.00;128.00;1.00;127.00;2024-03-17 08:00:00+00:00;29.00;31.00;29.00
2024-03-17;10;100.00;0.24;0.00;0.00;0.85;2024-03-17 10:00:00+01:00;3.00;146.00;0.00;146.00;2024-03-17 09:00:00+00:00;24.00;NaN;24.00
2024-03-17;11;100.00;0.24;0.00;0.00;0.85;2024-03-17 11:00:00+01:00;3.00;168.00;2.00;166.00;2024-03-17 10:00:00+00:00;29.00;42.00;29.00
2024-03-17;12;100.00;0.24;0.00;0.00;0.85;2024-03-17 12:00:00+01:00;3.00;195.00;1.00;194.00;2024-03-17 11:00:00+00:00;25.00;33.00;25.00
2024-03-17;13;100.00;0.24;0.00;0.00;0.85;2024-03-17 13:00:00+01:00;3.00;217.00;1.00;216.00;2024-03-17 12:00:00+00:00;39.00;39.00;39.00
2024-03-17;14;100.00;0.24;0.00;0.00;0.85;2024-03-17 14:00:00+01:00;3.00;233.00;4.00;229.00;2024-03-17 13:00:00+00:00;36.00;38.00;36.00
2024-03-17;15;100.00;0.24;0.00;0.00;0.85;2024-03-17 15:00:00+01:00;3.00;221.00;3.00;218.00;2024-03-17 14:00:00+00:00;33.00;32.00;33.00
2024-03-17;16;100.00;0.24;0.00;0.00;0.85;2024-03-17 16:00:00+01:00;3.00;241.00;2.00;239.00;2024-03-17 15:00:00+00:00;32.00;28.00;33.00
2024-03-17;17;100.00;0.24;0.00;0.00;0.85;2024-03-17 17:00:00+01:00;3.00;277.00;2.00;275.00;2024-03-17 16:00:00+00:00;32.00;34.00;32.00
2024-03-17;18;100.00;0.24;0.00;0.00;0.85;2024-03-17 18:00:00+01:00;3.00;258.00;1.00;257.00;2024-03-17 17:00:00+00:00;35.00;36.00;35.00
2024-03-17;19;100.00;0.24;0.00;0.00;0.85;2024-03-17 19:00:00+01:00;3.00;228.00;5.00;223.00;2024-03-17 18:00:00+00:00;34.00;33.00;34.00
2024-03-17;20;100.00;0.24;0.00;0.00;0.85;2024-03-17 20:00:00+01:00;3.00;188.00;0.00;188.00;2024-03-17 19:00:00+00:00;34.00;NaN;34.00
2024-03-17;21;100.00;0.24;0.00;0.00;0.85;2024-03-17 21:00:00+01:00;3.00;165.00;1.00;164.00;2024-03-17 20:00:00+00:00;36.00;32.00;36.00
2024-03-17;22;100.00;0.24;0.00;0.00;0.85;2024-03-17 22:00:00+01:00;3.00;122.00;2.00;120.00;2024-03-17 21:00:00+00:00;32.00;33.00;32.00
2024-03-17;23;100.00;0.24;0.00;0.00;0.85;2024-03-17 23:00:00+01:00;3.00;102.00;1.00;101.00;2024-03-17 22:00:00+00:00;36.00;35.00;36.00
2024-03-18;0;NaN;NaN;NaN;NaN;NaN;NaN;NaN;NaN;NaN;NaN;2024-03-17 23:00:00+00:00;NaN;NaN;NaN
2024-03-18;1;NaN;NaN;NaN;NaN;NaN;NaN;NaN;NaN;NaN;NaN;2024-03-18 00:00:00+00:00;NaN;NaN;NaN
2024-03-18;2;NaN;NaN;NaN;NaN;NaN;NaN;NaN;NaN;NaN;NaN;2024-03-18 01:00:00+00:00;NaN;NaN;NaN
2024-03-18;3;NaN;NaN;NaN;NaN;NaN;NaN;NaN;NaN;NaN;NaN;2024-03-18 02:00:00+00:00;NaN;NaN;NaN
2024-03-18;4;NaN;NaN;NaN;NaN;NaN;NaN;NaN;NaN;NaN;NaN;2024-03-18 03:00:00+00:00;NaN;NaN;NaN
2024-03-18;5;NaN;NaN;NaN;NaN;NaN;NaN;NaN;NaN;NaN;NaN;2024-03-18 04:00:00+00:00;NaN;NaN;NaN
2024-03-18;6;NaN;NaN;NaN;NaN;NaN;NaN;NaN;NaN;NaN;NaN;2024-03-18 05:00:00+00:00;NaN;NaN;NaN
2024-03-18;7;NaN;NaN;NaN;NaN;NaN;NaN;NaN;NaN;NaN;NaN;2024-03-18 06:00:00+00:00;NaN;NaN;NaN
2024-03-18;8;NaN;NaN;NaN;NaN;NaN;NaN;NaN;NaN;NaN;NaN;2024-03-18 07:00:00+00:00;NaN;NaN;NaN
2024-03-18;9;NaN;NaN;NaN;NaN;NaN;NaN;NaN;NaN;NaN;NaN;2024-03-18 08:00:00+00:00;NaN;NaN;NaN
2024-03-18;10;NaN;NaN;NaN;NaN;NaN;NaN;NaN;NaN;NaN;NaN;2024-03-18 09:00:00+00:00;NaN;NaN;NaN
2024-03-18;11;NaN;NaN;NaN;NaN;NaN;NaN;NaN;NaN;NaN;NaN;2024-03-18 10:00:00+00:00;NaN;NaN;NaN
2024-03-18;12;NaN;NaN;NaN;NaN;NaN;NaN;NaN;NaN;NaN;NaN;2024-03-18 11:00:00+00:00;NaN;NaN;NaN
2024-03-18;13;NaN;NaN;NaN;NaN;NaN;NaN;NaN;NaN;NaN;NaN;2024-03-18 12:00:00+00:00;NaN;NaN;NaN
2024-03-18;14;NaN;NaN;NaN;NaN;NaN;NaN;NaN;NaN;NaN;NaN;2024-03-18 13:00:00+00:00;NaN;NaN;NaN
2024-03-18;15;NaN;NaN;NaN;NaN;NaN;NaN;NaN;NaN;NaN;NaN;2024-03-18 14:00:00+00:00;NaN;NaN;NaN
2024-03-18;16;NaN;NaN;NaN;NaN;NaN;NaN;NaN;NaN;NaN;NaN;2024-03-18 15:00:00+00:00;NaN;NaN;NaN
2024-03-18;17;NaN;NaN;NaN;NaN;NaN;NaN;NaN;NaN;NaN;NaN;2024-03-18 16:00:00+00:00;NaN;NaN;NaN
2024-03-18;18;NaN;NaN;NaN;NaN;NaN;NaN;NaN;NaN;NaN;NaN;2024-03-18 17:00:00+00:00;NaN;NaN;NaN
2024-03-18;19;NaN;NaN;NaN;NaN;NaN;NaN;NaN;NaN;NaN;NaN;2024-03-18 18:00:00+00:00;NaN;NaN;NaN
2024-03-18;20;NaN;NaN;NaN;NaN;NaN;NaN;NaN;NaN;NaN;NaN;2024-03-18 19:00:00+00:00;NaN;NaN;NaN
2024-03-18;21;NaN;NaN;NaN;NaN;NaN;NaN;NaN;NaN;NaN;NaN;2024-03-18 20:00:00+00:00;NaN;NaN;NaN
2024-03-18;22;NaN;NaN;NaN;NaN;NaN;NaN;NaN;NaN;NaN;NaN;2024-03-18 21:00:00+00:00;NaN;NaN;NaN
2024-03-18;23;NaN;NaN;NaN;NaN;NaN;NaN;NaN;NaN;NaN;NaN;2024-03-18 22:00:00+00:00;NaN;NaN;NaN
2024-03-18;0;100.00;0.24;0.00;0.00;0.85;2024-03-18 00:00:00+01:00;3.00;70.00;0.00;70.00;2024-03-17 23:00:00+00:00;36.00;NaN;36.00
2024-03-18;1;92.00;-0.41;0.00;0.00;0.88;2024-03-18 01:00:00+01:00;3.00;49.00;1.00;48.00;2024-03-18 00:00:00+00:00;37.00;38.00;37.00
2024-03-18;2;92.00;-0.41;0.00;0.00;0.88;2024-03-18 02:00:00+01:00;3.00;28.00;2.00;26.00;2024-03-18 01:00:00+00:00;44.00;42.00;44.00
2024-03-18;3;100.00;-0.41;0.00;0.00;0.88;2024-03-18 03:00:00+01:00;3.00;29.00;2.00;27.00;2024-03-18 02:00:00+00:00;46.00;45.00;46.00
2024-03-18;4;100.00;-0.41;0.00;0.00;0.88;2024-03-18 04:00:00+01:00;3.00;24.00;0.00;24.00;2024-03-18 03:00:00+00:00;40.00;NaN;40.00
2024-03-18;5;100.00;-0.41;0.00;0.00;0.88;2024-03-18 05:00:00+01:00;3.00;58.00;4.00;54.00;2024-03-18 04:00:00+00:00;41.00;42.00;41.00
2024-03-18;6;100.00;-0.41;0.00;0.00;0.88;2024-03-18 06:00:00+01:00;3.00;138.00;8.00;130.00;2024-03-18 05:00:00+00:00;39.00;39.00;39.00
2024-03-18;7;100.00;-0.41;0.00;0.00;0.88;2024-03-18 07:00:00+01:00;3.00;352.00;13.00;339.00;2024-03-18 06:00:00+00:00;27.00;27.00;27.00
2024-03-18;8;100.00;-0.41;0.00;0.00;0.88;2024-03-18 08:00:00+01:00;3.00;304.00;19.00;285.00;2024-03-18 07:00:00+00:00;28.00;30.00;28.00
2024-03-18;9;100.00;-0.41;0.00;0.00;0.88;2024-03-18 09:00:00+01:00;3.00;271.00;3.00;268.00;2024-03-18 08:00:00+00:00;23.00;24.00;23.00
2024-03-18;10;100.00;-0.41;0.00;0.00;0.88;2024-03-18 10:00:00+01:00;3.00;270.00;0.00;270.00;2024-03-18 09:00:00+00:00;17.00;NaN;17.00
2024-03-18;11;100.00;-0.41;0.00;0.00;0.88;2024-03-18 11:00:00+01:00;3.00;252.00;1.00;251.00;2024-03-18 10:00:00+00:00;23.00;28.00;23.00
2024-03-18;12;100.00;-0.41;0.00;0.00;0.88;2024-03-18 12:00:00+01:00;3.00;258.00;1.00;257.00;2024-03-18 11:00:00+00:00;23.00;25.00;23.00
2024-03-18;13;100.00;-0.41;0.00;0.00;0.88;2024-03-18 13:00:00+01:00;3.00;315.00;4.00;311.00;2024-03-18 12:00:00+00:00;27.00;30.00;27.00
2024-03-18;14;100.00;-0.41;0.00;0.00;0.88;2024-03-18 14:00:00+01:00;3.00;322.00;7.00;315.00;2024-03-18 13:00:00+00:00;31.00;28.00;31.00
2024-03-18;15;100.00;-0.41;0.00;0.00;0.88;2024-03-18 15:00:00+01:00;3.00;314.00;3.00;311.00;2024-03-18 14:00:00+00:00;30.00;32.00;30.00
2024-03-18;16;100.00;-0.41;0.00;0.00;0.88;2024-03-18 16:00:00+01:00;3.00;299.00;14.00;285.00;2024-03-18 15:00:00+00:00;20.00;18.00;20.00
2024-03-18;17;100.00;-0.41;0.00;0.00;0.88;2024-03-18 17:00:00+01:00;3.00;335.00;4.00;331.00;2024-03-18 16:00:00+00:00;25.00;22.00;25.00
2024-03-18;18;100.00;-0.41;0.00;0.00;0.88;2024-03-18 18:00:00+01:00;3.00;275.00;3.00;272.00;2024-03-18 17:00:00+00:00;30.00;32.00;30.00
2024-03-18;19;100.00;-0.41;0.00;0.00;0.88;2024-03-18 19:00:00+01:00;3.00;218.00;2.00;216.00;2024-03-18 18:00:00+00:00;33.00;35.00;33.00
2024-03-18;20;100.00;-0.41;0.00;0.00;0.88;2024-03-18 20:00:00+01:00;3.00;193.00;3.00;190.00;2024-03-18 19:00:00+00:00;35.00;36.00;35.00
2024-03-18;21;92.00;-0.41;0.00;0.00;0.88;2024-03-18 21:00:00+01:00;3.00;157.00;0.00;157.00;2024-03-18 20:00:00+00:00;28.00;NaN;28.00
2024-03-18;22;92.00;-0.41;0.00;0.00;0.88;2024-03-18 22:00:00+01:00;3.00;134.00;3.00;131.00;2024-03-18 21:00:00+00:00;38.00;39.00;38.00
2024-03-18;23;92.00;-0.41;0.00;0.00;0.88;2024-03-18 23:00:00+01:00;3.00;99.00;0.00;99.00;2024-03-18 22:00:00+00:00;32.00;NaN;32.00
2024-03-19;0;NaN;NaN;NaN;NaN;NaN;NaN;NaN;NaN;NaN;NaN;2024-03-18 23:00:00+00:00;NaN;NaN;NaN
2024-03-19;1;NaN;NaN;NaN;NaN;NaN;NaN;NaN;NaN;NaN;NaN;2024-03-19 00:00:00+00:00;NaN;NaN;NaN
2024-03-19;2;NaN;NaN;NaN;NaN;NaN;NaN;NaN;NaN;NaN;NaN;2024-03-19 01:00:00+00:00;NaN;NaN;NaN
2024-03-19;3;NaN;NaN;NaN;NaN;NaN;NaN;NaN;NaN;NaN;NaN;2024-03-19 02:00:00+00:00;NaN;NaN;NaN
2024-03-19;4;NaN;NaN;NaN;NaN;NaN;NaN;NaN;NaN;NaN;NaN;2024-03-19 03:00:00+00:00;NaN;NaN;NaN
2024-03-19;5;NaN;NaN;NaN;NaN;NaN;NaN;NaN;NaN;NaN;NaN;2024-03-19 04:00:00+00:00;NaN;NaN;NaN
2024-03-19;6;NaN;NaN;NaN;NaN;NaN;NaN;NaN;NaN;NaN;NaN;2024-03-19 05:00:00+00:00;NaN;NaN;NaN
2024-03-19;7;NaN;NaN;NaN;NaN;NaN;NaN;NaN;NaN;NaN;NaN;2024-03-19 06:00:00+00:00;NaN;NaN;NaN
2024-03-19;8;NaN;NaN;NaN;NaN;NaN;NaN;NaN;NaN;NaN;NaN;2024-03-19 07:00:00+00:00;NaN;NaN;NaN
2024-03-19;9;NaN;NaN;NaN;NaN;NaN;NaN;NaN;NaN;NaN;NaN;2024-03-19 08:00:00+00:00;NaN;NaN;NaN
2024-03-19;10;NaN;NaN;NaN;NaN;NaN;NaN;NaN;NaN;NaN;NaN;2024-03-19 09:00:00+00:00;NaN;NaN;NaN
2024-03-19;11;NaN;NaN;NaN;NaN;NaN;NaN;NaN;NaN;NaN;NaN;2024-03-19 10:00:00+00:00;NaN;NaN;NaN
2024-03-19;12;NaN;NaN;NaN;NaN;NaN;NaN;NaN;NaN;NaN;NaN;2024-03-19 11:00:00+00:00;NaN;NaN;NaN
2024-03-19;13;NaN;NaN;NaN;NaN;NaN;NaN;NaN;NaN;NaN;NaN;2024-03-19 12:00:00+00:00;NaN;NaN;NaN
2024-03-19;14;NaN;NaN;NaN;NaN;NaN;NaN;NaN;NaN;NaN;NaN;2024-03-19 13:00:00+00:00;NaN;NaN;NaN
2024-03-19;15;NaN;NaN;NaN;NaN;NaN;NaN;NaN;NaN;NaN;NaN;2024-03-19 14:00:00+00:00;NaN;NaN;NaN
2024-03-19;16;NaN;NaN;NaN;NaN;NaN;NaN;NaN;NaN;NaN;NaN;2024-03-19 15:00:00+00:00;NaN;NaN;NaN
2024-03-19;17;NaN;NaN;NaN;NaN;NaN;NaN;NaN;NaN;NaN;NaN;2024-03-19 16:00:00+00:00;NaN;NaN;NaN
2024-03-19;18;NaN;NaN;NaN;NaN;NaN;NaN;NaN;NaN;NaN;NaN;2024-03-19 17:00:00+00:00;NaN;NaN;NaN
2024-03-19;19;NaN;NaN;NaN;NaN;NaN;NaN;NaN;NaN;NaN;NaN;2024-03-19 18:00:00+00:00;NaN;NaN;NaN
2024-03-19;20;NaN;NaN;NaN;NaN;NaN;NaN;NaN;NaN;NaN;NaN;2024-03-19 19:00:00+00:00;NaN;NaN;NaN
2024-03-19;21;NaN;NaN;NaN;NaN;NaN;NaN;NaN;NaN;NaN;NaN;2024-03-19 20:00:00+00:00;NaN;NaN;NaN
2024-03-19;22;NaN;NaN;NaN;NaN;NaN;NaN;NaN;NaN;NaN;NaN;2024-03-19 21:00:00+00:00;NaN;NaN;NaN
2024-03-19;23;NaN;NaN;NaN;NaN;NaN;NaN;NaN;NaN;NaN;NaN;2024-03-19 22:00:00+00:00;NaN;NaN;NaN
2024-03-19;0;100.00;-0.41;0.00;0.00;0.88;2024-03-19 00:00:00+01:00;3.00;62.00;1.00;61.00;2024-03-18 23:00:00+00:00;38.00;33.00;38.00
2024-03-19;1;100.00;-0.63;0.00;0.00;0.89;2024-03-19 01:00:00+01:00;3.00;54.00;1.00;53.00;2024-03-19 00:00:00+00:00;42.00;39.00;42.00
2024-03-19;2;100.00;-0.63;0.00;0.00;0.89;2024-03-19 02:00:00+01:00;3.00;40.00;2.00;38.00;2024-03-19 01:00:00+00:00;44.00;47.00;44.00
2024-03-19;3;100.00;-0.63;0.00;0.00;0.89;2024-03-19 03:00:00+01:00;3.00;19.00;2.00;17.00;2024-03-19 02:00:00+00:00;42.00;43.00;42.00
2024-03-19;4;100.00;-0.63;0.00;0.00;0.89;2024-03-19 04:00:00+01:00;3.00;24.00;2.00;22.00;2024-03-19 03:00:00+00:00;41.00;42.00;41.00
2024-03-19;5;100.00;-0.63;0.00;0.00;0.89;2024-03-19 05:00:00+01:00;3.00;62.00;0.00;62.00;2024-03-19 04:00:00+00:00;45.00;NaN;45.00
2024-03-19;6;100.00;-0.63;0.00;0.00;0.89;2024-03-19 06:00:00+01:00;3.00;141.00;14.00;127.00;2024-03-19 05:00:00+00:00;42.00;42.00;42.00
2024-03-19;7;100.00;-0.63;0.00;0.00;0.89;2024-03-19 07:00:00+01:00;3.00;298.00;18.00;280.00;2024-03-19 06:00:00+00:00;30.00;30.00;30.00
2024-03-19;8;100.00;-0.63;0.00;0.00;0.89;2024-03-19 08:00:00+01:00;3.00;307.00;28.00;279.00;2024-03-19 07:00:00+00:00;32.00;33.00;32.00
2024-03-19;9;100.00;-0.63;0.00;0.00;0.89;2024-03-19 09:00:00+01:00;3.00;279.00;5.00;274.00;2024-03-19 08:00:00+00:00;24.00;21.00;24.00
2024-03-19;10;100.00;-0.63;0.00;0.00;0.89;2024-03-19 10:00:00+01:00;3.00;320.00;2.00;318.00;2024-03-19 09:00:00+00:00;20.00;24.00;20.00
2024-03-19;11;100.00;-0.63;0.00;0.00;0.89;2024-03-19 11:00:00+01:00;3.00;284.00;1.00;283.00;2024-03-19 10:00:00+00:00;21.00;31.00;21.00
2024-03-19;12;100.00;-0.63;0.00;0.00;0.89;2024-03-19 12:00:00+01:00;3.00;280.00;4.00;276.00;2024-03-19 11:00:00+00:00;24.00;30.00;24.00
2024-03-19;13;100.00;-0.63;0.00;0.00;0.89;2024-03-19 13:00:00+01:00;3.00;339.00;16.00;323.00;2024-03-19 12:00:00+00:00;32.00;33.00;32.00
2024-03-19;14;100.00;-0.63;0.00;0.00;0.89;2024-03-19 14:00:00+01:00;3.00;334.00;8.00;326.00;2024-03-19 13:00:00+00:00;30.00;31.00;30.00
2024-03-19;15;100.00;-0.63;0.00;0.00;0.89;2024-03-19 15:00:00+01:00;3.00;391.00;7.00;384.00;2024-03-19 14:00:00+00:00;27.00;26.00;27.00
2024-03-19;16;100.00;-0.63;0.00;0.00;0.89;2024-03-19 16:00:00+01:00;3.00;359.00;8.00;351.00;2024-03-19 15:00:00+00:00;22.00;27.00;22.00
2024-03-19;17;100.00;-0.63;0.00;0.00;0.89;2024-03-19 17:00:00+01:00;3.00;327.00;8.00;319.00;2024-03-19 16:00:00+00:00;26.00;29.00;26.00
2024-03-19;18;92.00;-0.63;0.00;0.00;0.89;2024-03-19 18:00:00+01:00;3.00;285.00;1.00;284.00;2024-03-19 17:00:00+00:00;26.00;29.00;26.00
2024-03-19;19;100.00;-0.63;0.00;0.00;0.89;2024-03-19 19:00:00+01:00;3.00;263.00;4.00;259.00;2024-03-19 18:00:00+00:00;33.00;33.00;33.00
2024-03-19;20;100.00;-0.63;0.00;0.00;0.89;2024-03-19 20:00:00+01:00;3.00;203.00;3.00;200.00;2024-03-19 19:00:00+00:00;35.00;36.00;35.00
2024-03-19;21;100.00;-0.63;0.00;0.00;0.89;2024-03-19 21:00:00+01:00;3.00;161.00;1.00;160.00;2024-03-19 20:00:00+00:00;38.00;40.00;38.00
2024-03-19;22;100.00;-0.63;0.00;0.00;0.89;2024-03-19 22:00:00+01:00;3.00;171.00;1.00;170.00;2024-03-19 21:00:00+00:00;39.00;38.00;39.00
2024-03-19;23;100.00;-0.63;0.00;0.00;0.89;2024-03-19 23:00:00+01:00;3.00;129.00;2.00;127.00;2024-03-19 22:00:00+00:00;43.00;42.00;43.00
2024-03-20;0;NaN;NaN;NaN;NaN;NaN;NaN;NaN;NaN;NaN;NaN;2024-03-19 23:00:00+00:00;NaN;NaN;NaN
2024-03-20;1;NaN;NaN;NaN;NaN;NaN;NaN;NaN;NaN;NaN;NaN;2024-03-20 00:00:00+00:00;NaN;NaN;NaN
2024-03-20;2;NaN;NaN;NaN;NaN;NaN;NaN;NaN;NaN;NaN;NaN;2024-03-20 01:00:00+00:00;NaN;NaN;NaN
2024-03-20;3;NaN;NaN;NaN;NaN;NaN;NaN;NaN;NaN;NaN;NaN;2024-03-20 02:00:00+00:00;NaN;NaN;NaN
2024-03-20;4;NaN;NaN;NaN;NaN;NaN;NaN;NaN;NaN;NaN;NaN;2024-03-20 03:00:00+00:00;NaN;NaN;NaN
2024-03-20;5;NaN;NaN;NaN;NaN;NaN;NaN;NaN;NaN;NaN;NaN;2024-03-20 04:00:00+00:00;NaN;NaN;NaN
2024-03-20;6;NaN;NaN;NaN;NaN;NaN;NaN;NaN;NaN;NaN;NaN;2024-03-20 05:00:00+00:00;NaN;NaN;NaN
2024-03-20;7;NaN;NaN;NaN;NaN;NaN;NaN;NaN;NaN;NaN;NaN;2024-03-20 06:00:00+00:00;NaN;NaN;NaN
2024-03-20;8;NaN;NaN;NaN;NaN;NaN;NaN;NaN;NaN;NaN;NaN;2024-03-20 07:00:00+00:00;NaN;NaN;NaN
2024-03-20;9;NaN;NaN;NaN;NaN;NaN;NaN;NaN;NaN;NaN;NaN;2024-03-20 08:00:00+00:00;NaN;NaN;NaN
2024-03-20;10;NaN;NaN;NaN;NaN;NaN;NaN;NaN;NaN;NaN;NaN;2024-03-20 09:00:00+00:00;NaN;NaN;NaN
2024-03-20;11;NaN;NaN;NaN;NaN;NaN;NaN;NaN;NaN;NaN;NaN;2024-03-20 10:00:00+00:00;NaN;NaN;NaN
2024-03-20;12;NaN;NaN;NaN;NaN;NaN;NaN;NaN;NaN;NaN;NaN;2024-03-20 11:00:00+00:00;NaN;NaN;NaN
2024-03-20;13;NaN;NaN;NaN;NaN;NaN;NaN;NaN;NaN;NaN;NaN;2024-03-20 12:00:00+00:00;NaN;NaN;NaN
2024-03-20;14;NaN;NaN;NaN;NaN;NaN;NaN;NaN;NaN;NaN;NaN;2024-03-20 13:00:00+00:00;NaN;NaN;NaN
2024-03-20;15;NaN;NaN;NaN;NaN;NaN;NaN;NaN;NaN;NaN;NaN;2024-03-20 14:00:00+00:00;NaN;NaN;NaN
2024-03-20;16;NaN;NaN;NaN;NaN;NaN;NaN;NaN;NaN;NaN;NaN;2024-03-20 15:00:00+00:00;NaN;NaN;NaN
2024-03-20;17;NaN;NaN;NaN;NaN;NaN;NaN;NaN;NaN;NaN;NaN;2024-03-20 16:00:00+00:00;NaN;NaN;NaN
2024-03-20;18;NaN;NaN;NaN;NaN;NaN;NaN;NaN;NaN;NaN;NaN;2024-03-20 17:00:00+00:00;NaN;NaN;NaN
2024-03-20;19;NaN;NaN;NaN;NaN;NaN;NaN;NaN;NaN;NaN;NaN;2024-03-20 18:00:00+00:00;NaN;NaN;NaN
2024-03-20;20;NaN;NaN;NaN;NaN;NaN;NaN;NaN;NaN;NaN;NaN;2024-03-20 19:00:00+00:00;NaN;NaN;NaN
2024-03-20;21;NaN;NaN;NaN;NaN;NaN;NaN;NaN;NaN;NaN;NaN;2024-03-20 20:00:00+00:00;NaN;NaN;NaN
2024-03-20;22;NaN;NaN;NaN;NaN;NaN;NaN;NaN;NaN;NaN;NaN;2024-03-20 21:00:00+00:00;NaN;NaN;NaN
2024-03-20;23;NaN;NaN;NaN;NaN;NaN;NaN;NaN;NaN;NaN;NaN;2024-03-20 22:00:00+00:00;NaN;NaN;NaN
2024-03-20;0;100.00;-0.63;0.00;0.00;0.89;2024-03-20 00:00:00+01:00;3.00;81.00;0.00;81.00;2024-03-19 23:00:00+00:00;42.00;NaN;42.00
2024-03-20;1;100.00;-0.95;0.00;0.00;0.87;2024-03-20 01:00:00+01:00;3.00;59.00;1.00;58.00;2024-03-20 00:00:00+00:00;38.00;36.00;38.00
2024-03-20;2;100.00;-0.95;0.00;0.00;0.87;2024-03-20 02:00:00+01:00;3.00;40.00;2.00;38.00;2024-03-20 01:00:00+00:00;38.00;38.00;38.00
2024-03-20;3;92.00;-0.95;0.00;0.00;0.87;2024-03-20 03:00:00+01:00;3.00;35.00;2.00;33.00;2024-03-20 02:00:00+00:00;43.00;46.00;43.00
2024-03-20;4;100.00;-0.95;0.00;0.00;0.87;2024-03-20 04:00:00+01:00;3.00;28.00;0.00;28.00;2024-03-20 03:00:00+00:00;46.00;NaN;46.00
2024-03-20;5;100.00;-0.95;0.00;0.00;0.87;2024-03-20 05:00:00+01:00;3.00;62.00;1.00;61.00;2024-03-20 04:00:00+00:00;41.00;40.00;41.00
2024-03-20;6;100.00;-0.95;0.00;0.00;0.87;2024-03-20 06:00:00+01:00;3.00;139.00;5.00;134.00;2024-03-20 05:00:00+00:00;40.00;39.00;40.00
2024-03-20;7;100.00;-0.95;0.00;0.00;0.87;2024-03-20 07:00:00+01:00;3.00;306.00;30.00;276.00;2024-03-20 06:00:00+00:00;34.00;33.00;34.00
2024-03-20;8;100.00;-0.95;0.00;0.00;0.87;2024-03-20 08:00:00+01:00;3.00;317.00;12.00;305.00;2024-03-20 07:00:00+00:00;31.00;34.00;30.00
2024-03-20;9;100.00;-0.95;0.00;0.00;0.87;2024-03-20 09:00:00+01:00;3.00;290.00;8.00;282.00;2024-03-20 08:00:00+00:00;32.00;33.00;32.00
2024-03-20;10;100.00;-0.95;0.00;0.00;0.87;2024-03-20 10:00:00+01:00;3.00;283.00;5.00;278.00;2024-03-20 09:00:00+00:00;31.00;31.00;31.00
2024-03-20;11;67.00;-0.95;0.00;0.00;0.87;2024-03-20 11:00:00+01:00;3.00;338.00;9.00;328.00;2024-03-20 10:00:00+00:00;29.00;27.00;29.00
2024-03-20;14;92.00;-0.95;0.00;0.00;0.87;2024-03-20 14:00:00+01:00;3.00;358.00;19.00;339.00;2024-03-20 13:00:00+00:00;30.00;31.00;30.00
2024-03-20;15;100.00;-0.95;0.00;0.00;0.87;2024-03-20 15:00:00+01:00;3.00;332.00;3.00;329.00;2024-03-20 14:00:00+00:00;20.00;25.00;20.00
2024-03-20;16;100.00;-0.95;0.00;0.00;0.87;2024-03-20 16:00:00+01:00;3.00;345.00;9.00;336.00;2024-03-20 15:00:00+00:00;21.00;16.00;21.00
2024-03-20;17;100.00;-0.95;0.00;0.00;0.87;2024-03-20 17:00:00+01:00;3.00;364.00;5.00;359.00;2024-03-20 16:00:00+00:00;29.00;33.00;29.00
2024-03-20;18;100.00;-0.95;0.00;0.00;0.87;2024-03-20 18:00:00+01:00;3.00;278.00;2.00;276.00;2024-03-20 17:00:00+00:00;22.00;14.00;22.00
2024-03-20;19;100.00;-0.95;0.00;0.00;0.87;2024-03-20 19:00:00+01:00;3.00;229.00;0.00;229.00;2024-03-20 18:00:00+00:00;29.00;NaN;29.00
2024-03-20;20;100.00;-0.95;0.00;0.00;0.87;2024-03-20 20:00:00+01:00;3.00;213.00;0.00;213.00;2024-03-20 19:00:00+00:00;27.00;NaN;27.00
2024-03-20;21;100.00;-0.95;0.00;0.00;0.87;2024-03-20 21:00:00+01:00;3.00;177.00;0.00;177.00;2024-03-20 20:00:00+00:00;28.00;NaN;28.00
2024-03-20;22;100.00;-0.95;0.00;0.00;0.87;2024-03-20 22:00:00+01:00;3.00;151.00;0.00;151.00;2024-03-20 21:00:00+00:00;30.00;NaN;30.00
2024-03-20;23;100.00;-0.95;0.00;0.00;0.87;2024-03-20 23:00:00+01:00;3.00;158.00;1.00;157.00;2024-03-20 22:00:00+00:00;32.00;29.00;32.00
2024-03-21;0;NaN;NaN;NaN;NaN;NaN;NaN;NaN;NaN;NaN;NaN;2024-03-20 23:00:00+00:00;NaN;NaN;NaN
2024-03-21;1;NaN;NaN;NaN;NaN;NaN;NaN;NaN;NaN;NaN;NaN;2024-03-21 00:00:00+00:00;NaN;NaN;NaN
2024-03-21;2;NaN;NaN;NaN;NaN;NaN;NaN;NaN;NaN;NaN;NaN;2024-03-21 01:00:00+00:00;NaN;NaN;NaN
2024-03-21;3;NaN;NaN;NaN;NaN;NaN;NaN;NaN;NaN;NaN;NaN;2024-03-21 02:00:00+00:00;NaN;NaN;NaN
2024-03-21;4;NaN;NaN;NaN;NaN;NaN;NaN;NaN;NaN;NaN;NaN;2024-03-21 03:00:00+00:00;NaN;NaN;NaN
2024-03-21;5;NaN;NaN;NaN;NaN;NaN;NaN;NaN;NaN;NaN;NaN;2024-03-21 04:00:00+00:00;NaN;NaN;NaN
2024-03-21;6;NaN;NaN;NaN;NaN;NaN;NaN;NaN;NaN;NaN;NaN;2024-03-21 05:00:00+00:00;NaN;NaN;NaN
2024-03-21;7;NaN;NaN;NaN;NaN;NaN;NaN;NaN;NaN;NaN;NaN;2024-03-21 06:00:00+00:00;NaN;NaN;NaN
2024-03-21;8;NaN;NaN;NaN;NaN;NaN;NaN;NaN;NaN;NaN;NaN;2024-03-21 07:00:00+00:00;NaN;NaN;NaN
2024-03-21;9;NaN;NaN;NaN;NaN;NaN;NaN;NaN;NaN;NaN;NaN;2024-03-21 08:00:00+00:00;NaN;NaN;NaN
2024-03-21;10;NaN;NaN;NaN;NaN;NaN;NaN;NaN;NaN;NaN;NaN;2024-03-21 09:00:00+00:00;NaN;NaN;NaN
2024-03-21;11;NaN;NaN;NaN;NaN;NaN;NaN;NaN;NaN;NaN;NaN;2024-03-21 10:00:00+00:00;NaN;NaN;NaN
2024-03-21;12;NaN;NaN;NaN;NaN;NaN;NaN;NaN;NaN;NaN;NaN;2024-03-21 11:00:00+00:00;NaN;NaN;NaN
2024-03-21;13;NaN;NaN;NaN;NaN;NaN;NaN;NaN;NaN;NaN;NaN;2024-03-21 12:00:00+00:00;NaN;NaN;NaN
2024-03-21;14;NaN;NaN;NaN;NaN;NaN;NaN;NaN;NaN;NaN;NaN;2024-03-21 13:00:00+00:00;NaN;NaN;NaN
2024-03-21;15;NaN;NaN;NaN;NaN;NaN;NaN;NaN;NaN;NaN;NaN;2024-03-21 14:00:00+00:00;NaN;NaN;NaN
2024-03-21;16;NaN;NaN;NaN;NaN;NaN;NaN;NaN;NaN;NaN;NaN;2024-03-21 15:00:00+00:00;NaN;NaN;NaN
2024-03-21;17;NaN;NaN;NaN;NaN;NaN;NaN;NaN;NaN;NaN;NaN;2024-03-21 16:00:00+00:00;NaN;NaN;NaN
2024-03-21;18;NaN;NaN;NaN;NaN;NaN;NaN;NaN;NaN;NaN;NaN;2024-03-21 17:00:00+00:00;NaN;NaN;NaN
2024-03-21;19;NaN;NaN;NaN;NaN;NaN;NaN;NaN;NaN;NaN;NaN;2024-03-21 18:00:00+00:00;NaN;NaN;NaN
2024-03-21;20;NaN;NaN;NaN;NaN;NaN;NaN;NaN;NaN;NaN;NaN;2024-03-21 19:00:00+00:00;NaN;NaN;NaN
2024-03-21;21;NaN;NaN;NaN;NaN;NaN;NaN;NaN;NaN;NaN;NaN;2024-03-21 20:00:00+00:00;NaN;NaN;NaN
2024-03-21;22;NaN;NaN;NaN;NaN;NaN;NaN;NaN;NaN;NaN;NaN;2024-03-21 21:00:00+00:00;NaN;NaN;NaN
2024-03-21;23;NaN;NaN;NaN;NaN;NaN;NaN;NaN;NaN;NaN;NaN;2024-03-21 22:00:00+00:00;NaN;NaN;NaN
2024-03-21;0;100.00;-0.95;0.00;0.00;0.87;2024-03-21 00:00:00+01:00;3.00;80.00;0.00;80.00;2024-03-20 23:00:00+00:00;26.00;NaN;26.00
2024-03-21;1;100.00;-4.01;0.00;0.00;0.77;2024-03-21 01:00:00+01:00;3.00;67.00;1.00;66.00;2024-03-21 00:00:00+00:00;28.00;27.00;28.00
2024-03-21;2;100.00;-4.01;0.00;0.00;0.77;2024-03-21 02:00:00+01:00;3.00;34.00;2.00;32.00;2024-03-21 01:00:00+00:00;37.00;36.00;37.00
2024-03-21;3;100.00;-4.01;0.00;0.00;0.77;2024-03-21 03:00:00+01:00;3.00;29.00;2.00;27.00;2024-03-21 02:00:00+00:00;40.00;40.00;40.00
2024-03-21;4;100.00;-4.01;0.00;0.00;0.77;2024-03-21 04:00:00+01:00;3.00;30.00;1.00;29.00;2024-03-21 03:00:00+00:00;44.00;40.00;44.00
2024-03-21;5;100.00;-4.01;0.00;0.00;0.77;2024-03-21 05:00:00+01:00;3.00;67.00;1.00;66.00;2024-03-21 04:00:00+00:00;42.00;47.00;42.00
2024-03-21;6;100.00;-4.01;0.00;0.00;0.77;2024-03-21 06:00:00+01:00;3.00;142.00;4.00;138.00;2024-03-21 05:00:00+00:00;35.00;41.00;34.00
2024-03-21;7;100.00;-4.01;0.00;0.00;0.77;2024-03-21 07:00:00+01:00;3.00;331.00;6.00;325.00;2024-03-21 06:00:00+00:00;33.00;30.00;33.00
2024-03-21;8;100.00;-4.01;0.00;0.00;0.77;2024-03-21 08:00:00+01:00;3.00;303.00;6.00;297.00;2024-03-21 07:00:00+00:00;26.00;27.00;26.00
2024-03-21;9;100.00;-4.01;0.00;0.00;0.77;2024-03-21 09:00:00+01:00;3.00;330.00;6.00;324.00;2024-03-21 08:00:00+00:00;33.00;36.00;33.00
2024-03-21;10;100.00;-4.01;0.00;0.00;0.77;2024-03-21 10:00:00+01:00;3.00;346.00;4.00;342.00;2024-03-21 09:00:00+00:00;32.00;32.00;32.00
2024-03-21;11;100.00;-4.01;0.00;0.00;0.77;2024-03-21 11:00:00+01:00;3.00;336.00;8.00;328.00;2024-03-21 10:00:00+00:00;34.00;34.00;34.00
2024-03-21;12;100.00;-4.01;0.00;0.00;0.77;2024-03-21 12:00:00+01:00;3.00;409.00;14.00;395.00;2024-03-21 11:00:00+00:00;31.00;32.00;31.00
2024-03-21;13;100.00;-4.01;0.00;0.00;0.77;2024-03-21 13:00:00+01:00;3.00;404.00;33.00;371.00;2024-03-21 12:00:00+00:00;35.00;38.00;35.00
2024-03-21;14;100.00;-4.01;0.00;0.00;0.77;2024-03-21 14:00:00+01:00;3.00;394.00;17.00;377.00;2024-03-21 13:00:00+00:00;27.00;29.00;27.00
2024-03-21;15;83.00;-4.01;0.00;0.00;0.77;2024-03-21 15:00:00+01:00;3.00;176.00;1.00;175.00;2024-03-21 14:00:00+00:00;6.00;7.00;6.00
2024-03-21;16;100.00;-4.01;0.00;0.00;0.77;2024-03-21 16:00:00+01:00;3.00;195.00;0.00;195.00;2024-03-21 15:00:00+00:00;6.00;NaN;6.00
2024-03-21;17;100.00;-4.01;0.00;0.00;0.77;2024-03-21 17:00:00+01:00;3.00;339.00;5.00;334.00;2024-03-21 16:00:00+00:00;22.00;31.00;22.00
2024-03-21;18;100.00;-4.01;0.00;0.00;0.77;2024-03-21 18:00:00+01:00;3.00;274.00;11.00;263.00;2024-03-21 17:00:00+00:00;18.00;24.00;18.00
2024-03-21;19;100.00;-4.01;0.00;0.00;0.77;2024-03-21 19:00:00+01:00;3.00;289.00;3.00;286.00;2024-03-21 18:00:00+00:00;31.00;34.00;31.00
2024-03-21;20;100.00;-4.01;0.00;0.00;0.77;2024-03-21 20:00:00+01:00;3.00;213.00;0.00;213.00;2024-03-21 19:00:00+00:00;32.00;NaN;32.00
2024-03-21;21;100.00;-4.01;0.00;0.00;0.77;2024-03-21 21:00:00+01:00;3.00;205.00;1.00;204.00;2024-03-21 20:00:00+00:00;34.00;34.00;34.00
2024-03-21;22;100.00;-4.01;0.00;0.00;0.77;2024-03-21 22:00:00+01:00;3.00;193.00;2.00;191.00;2024-03-21 21:00:00+00:00;29.00;29.00;29.00
2024-03-21;23;100.00;-4.01;0.00;0.00;0.77;2024-03-21 23:00:00+01:00;3.00;196.00;1.00;195.00;2024-03-21 22:00:00+00:00;32.00;30.00;32.00
2024-03-22;0;NaN;NaN;NaN;NaN;NaN;NaN;NaN;NaN;NaN;NaN;2024-03-21 23:00:00+00:00;NaN;NaN;NaN
2024-03-22;1;NaN;NaN;NaN;NaN;NaN;NaN;NaN;NaN;NaN;NaN;2024-03-22 00:00:00+00:00;NaN;NaN;NaN
2024-03-22;2;NaN;NaN;NaN;NaN;NaN;NaN;NaN;NaN;NaN;NaN;2024-03-22 01:00:00+00:00;NaN;NaN;NaN
2024-03-22;3;NaN;NaN;NaN;NaN;NaN;NaN;NaN;NaN;NaN;NaN;2024-03-22 02:00:00+00:00;NaN;NaN;NaN
2024-03-22;4;NaN;NaN;NaN;NaN;NaN;NaN;NaN;NaN;NaN;NaN;2024-03-22 03:00:00+00:00;NaN;NaN;NaN
2024-03-22;5;NaN;NaN;NaN;NaN;NaN;NaN;NaN;NaN;NaN;NaN;2024-03-22 04:00:00+00:00;NaN;NaN;NaN
2024-03-22;6;NaN;NaN;NaN;NaN;NaN;NaN;NaN;NaN;NaN;NaN;2024-03-22 05:00:00+00:00;NaN;NaN;NaN
2024-03-22;7;NaN;NaN;NaN;NaN;NaN;NaN;NaN;NaN;NaN;NaN;2024-03-22 06:00:00+00:00;NaN;NaN;NaN
2024-03-22;8;NaN;NaN;NaN;NaN;NaN;NaN;NaN;NaN;NaN;NaN;2024-03-22 07:00:00+00:00;NaN;NaN;NaN
2024-03-22;9;NaN;NaN;NaN;NaN;NaN;NaN;NaN;NaN;NaN;NaN;2024-03-22 08:00:00+00:00;NaN;NaN;NaN
2024-03-22;10;NaN;NaN;NaN;NaN;NaN;NaN;NaN;NaN;NaN;NaN;2024-03-22 09:00:00+00:00;NaN;NaN;NaN
2024-03-22;11;NaN;NaN;NaN;NaN;NaN;NaN;NaN;NaN;NaN;NaN;2024-03-22 10:00:00+00:00;NaN;NaN;NaN
2024-03-22;12;NaN;NaN;NaN;NaN;NaN;NaN;NaN;NaN;NaN;NaN;2024-03-22 11:00:00+00:00;NaN;NaN;NaN
2024-03-22;13;NaN;NaN;NaN;NaN;NaN;NaN;NaN;NaN;NaN;NaN;2024-03-22 12:00:00+00:00;NaN;NaN;NaN
2024-03-22;14;NaN;NaN;NaN;NaN;NaN;NaN;NaN;NaN;NaN;NaN;2024-03-22 13:00:00+00:00;NaN;NaN;NaN
2024-03-22;15;NaN;NaN;NaN;NaN;NaN;NaN;NaN;NaN;NaN;NaN;2024-03-22 14:00:00+00:00;NaN;NaN;NaN
2024-03-22;16;NaN;NaN;NaN;NaN;NaN;NaN;NaN;NaN;NaN;NaN;2024-03-22 15:00:00+00:00;NaN;NaN;NaN
2024-03-22;17;NaN;NaN;NaN;NaN;NaN;NaN;NaN;NaN;NaN;NaN;2024-03-22 16:00:00+00:00;NaN;NaN;NaN
2024-03-22;18;NaN;NaN;NaN;NaN;NaN;NaN;NaN;NaN;NaN;NaN;2024-03-22 17:00:00+00:00;NaN;NaN;NaN
2024-03-22;19;NaN;NaN;NaN;NaN;NaN;NaN;NaN;NaN;NaN;NaN;2024-03-22 18:00:00+00:00;NaN;NaN;NaN
2024-03-22;20;NaN;NaN;NaN;NaN;NaN;NaN;NaN;NaN;NaN;NaN;2024-03-22 19:00:00+00:00;NaN;NaN;NaN
2024-03-22;21;NaN;NaN;NaN;NaN;NaN;NaN;NaN;NaN;NaN;NaN;2024-03-22 20:00:00+00:00;NaN;NaN;NaN
2024-03-22;22;NaN;NaN;NaN;NaN;NaN;NaN;NaN;NaN;NaN;NaN;2024-03-22 21:00:00+00:00;NaN;NaN;NaN
2024-03-22;23;NaN;NaN;NaN;NaN;NaN;NaN;NaN;NaN;NaN;NaN;2024-03-22 22:00:00+00:00;NaN;NaN;NaN
2024-03-22;0;100.00;-4.01;0.00;0.00;0.77;2024-03-22 00:00:00+01:00;3.00;112.00;0.00;112.00;2024-03-21 23:00:00+00:00;36.00;NaN;36.00
2024-03-22;1;100.00;-2.59;-1.39;0.00;0.80;2024-03-22 01:00:00+01:00;3.00;82.00;3.00;79.00;2024-03-22 00:00:00+00:00;39.00;39.00;39.00
2024-03-22;2;100.00;-2.59;-1.39;0.00;0.80;2024-03-22 02:00:00+01:00;3.00;50.00;1.00;49.00;2024-03-22 01:00:00+00:00;36.00;34.00;36.00
2024-03-22;3;92.00;-2.59;-1.39;0.00;0.80;2024-03-22 03:00:00+01:00;3.00;35.00;3.00;32.00;2024-03-22 02:00:00+00:00;36.00;34.00;36.00
2024-03-22;4;100.00;-2.59;-1.39;0.00;0.80;2024-03-22 04:00:00+01:00;3.00;39.00;0.00;39.00;2024-03-22 03:00:00+00:00;43.00;NaN;43.00
2024-03-22;5;100.00;-2.59;-1.39;0.00;0.80;2024-03-22 05:00:00+01:00;3.00;66.00;4.00;62.00;2024-03-22 04:00:00+00:00;49.00;47.00;49.00
2024-03-22;6;100.00;-2.59;-1.39;0.00;0.80;2024-03-22 06:00:00+01:00;3.00;169.00;11.00;158.00;2024-03-22 05:00:00+00:00;46.00;46.00;46.00
2024-03-22;7;100.00;-2.59;-1.39;0.00;0.80;2024-03-22 07:00:00+01:00;3.00;364.00;17.00;347.00;2024-03-22 06:00:00+00:00;30.00;34.00;30.00
2024-03-22;8;100.00;-2.59;-1.39;0.00;0.80;2024-03-22 08:00:00+01:00;3.00;285.00;14.00;271.00;2024-03-22 07:00:00+00:00;26.00;32.00;26.00
2024-03-22;9;92.00;-2.59;-1.39;0.00;0.80;2024-03-22 09:00:00+01:00;3.00;329.00;15.00;314.00;2024-03-22 08:00:00+00:00;29.00;36.00;29.00
2024-03-22;10;100.00;-2.59;-1.39;0.00;0.80;2024-03-22 10:00:00+01:00;3.00;305.00;5.00;300.00;2024-03-22 09:00:00+00:00;32.00;34.00;32.00
2024-03-22;11;100.00;-2.59;-1.39;0.00;0.80;2024-03-22 11:00:00+01:00;3.00;306.00;14.00;292.00;2024-03-22 10:00:00+00:00;33.00;35.00;33.00
2024-03-22;12;100.00;-2.59;-1.39;0.00;0.80;2024-03-22 12:00:00+01:00;3.00;313.00;1.00;312.00;2024-03-22 11:00:00+00:00;29.00;32.00;29.00
2024-03-22;13;100.00;-2.59;-1.39;0.00;0.80;2024-03-22 13:00:00+01:00;3.00;374.00;2.00;372.00;2024-03-22 12:00:00+00:00;15.00;22.00;15.00
2024-03-22;14;100.00;-2.59;-1.39;0.00;0.80;2024-03-22 14:00:00+01:00;3.00;248.00;0.00;248.00;2024-03-22 13:00:00+00:00;10.00;NaN;10.00
2024-03-22;15;92.00;-2.59;-1.39;0.00;0.80;2024-03-22 15:00:00+01:00;3.00;312.00;1.00;311.00;2024-03-22 14:00:00+00:00;19.00;22.00;19.00
2024-03-22;16;100.00;-2.59;-1.39;0.00;0.80;2024-03-22 16:00:00+01:00;3.00;320.00;4.00;316.00;2024-03-22 15:00:00+00:00;19.00;20.00;19.00
2024-03-22;17;100.00;-2.59;-1.39;0.00;0.80;2024-03-22 17:00:00+01:00;3.00;328.00;5.00;323.00;2024-03-22 16:00:00+00:00;26.00;26.00;26.00
2024-03-22;18;100.00;-2.59;-1.39;0.00;0.80;2024-03-22 18:00:00+01:00;3.00;348.00;4.00;344.00;2024-03-22 17:00:00+00:00;32.00;35.00;32.00
2024-03-22;19;100.00;-2.59;-1.39;0.00;0.80;2024-03-22 19:00:00+01:00;3.00;237.00;0.00;237.00;2024-03-22 18:00:00+00:00;36.00;NaN;36.00
2024-03-22;20;100.00;-2.59;-1.39;0.00;0.80;2024-03-22 20:00:00+01:00;3.00;245.00;0.00;245.00;2024-03-22 19:00:00+00:00;36.00;NaN;36.00
2024-03-22;21;100.00;-2.59;-1.39;0.00;0.80;2024-03-22 21:00:00+01:00;3.00;213.00;0.00;213.00;2024-03-22 20:00:00+00:00;35.00;NaN;35.00
2024-03-22;22;100.00;-2.59;-1.39;0.00;0.80;2024-03-22 22:00:00+01:00;3.00;195.00;0.00;195.00;2024-03-22 21:00:00+00:00;37.00;NaN;37.00
2024-03-22;23;100.00;-2.59;-1.39;0.00;0.80;2024-03-22 23:00:00+01:00;3.00;196.00;0.00;196.00;2024-03-22 22:00:00+00:00;38.00;NaN;38.00
2024-03-23;0;NaN;NaN;NaN;NaN;NaN;NaN;NaN;NaN;NaN;NaN;2024-03-22 23:00:00+00:00;NaN;NaN;NaN
2024-03-23;1;NaN;NaN;NaN;NaN;NaN;NaN;NaN;NaN;NaN;NaN;2024-03-23 00:00:00+00:00;NaN;NaN;NaN
2024-03-23;2;NaN;NaN;NaN;NaN;NaN;NaN;NaN;NaN;NaN;NaN;2024-03-23 01:00:00+00:00;NaN;NaN;NaN
2024-03-23;3;NaN;NaN;NaN;NaN;NaN;NaN;NaN;NaN;NaN;NaN;2024-03-23 02:00:00+00:00;NaN;NaN;NaN
2024-03-23;4;NaN;NaN;NaN;NaN;NaN;NaN;NaN;NaN;NaN;NaN;2024-03-23 03:00:00+00:00;NaN;NaN;NaN
2024-03-23;5;NaN;NaN;NaN;NaN;NaN;NaN;NaN;NaN;NaN;NaN;2024-03-23 04:00:00+00:00;NaN;NaN;NaN
2024-03-23;6;NaN;NaN;NaN;NaN;NaN;NaN;NaN;NaN;NaN;NaN;2024-03-23 05:00:00+00:00;NaN;NaN;NaN
2024-03-23;7;NaN;NaN;NaN;NaN;NaN;NaN;NaN;NaN;NaN;NaN;2024-03-23 06:00:00+00:00;NaN;NaN;NaN
2024-03-23;8;NaN;NaN;NaN;NaN;NaN;NaN;NaN;NaN;NaN;NaN;2024-03-23 07:00:00+00:00;NaN;NaN;NaN
2024-03-23;9;NaN;NaN;NaN;NaN;NaN;NaN;NaN;NaN;NaN;NaN;2024-03-23 08:00:00+00:00;NaN;NaN;NaN
2024-03-23;10;NaN;NaN;NaN;NaN;NaN;NaN;NaN;NaN;NaN;NaN;2024-03-23 09:00:00+00:00;NaN;NaN;NaN
2024-03-23;11;NaN;NaN;NaN;NaN;NaN;NaN;NaN;NaN;NaN;NaN;2024-03-23 10:00:00+00:00;NaN;NaN;NaN
2024-03-23;12;NaN;NaN;NaN;NaN;NaN;NaN;NaN;NaN;NaN;NaN;2024-03-23 11:00:00+00:00;NaN;NaN;NaN
2024-03-23;13;NaN;NaN;NaN;NaN;NaN;NaN;NaN;NaN;NaN;NaN;2024-03-23 12:00:00+00:00;NaN;NaN;NaN
2024-03-23;14;NaN;NaN;NaN;NaN;NaN;NaN;NaN;NaN;NaN;NaN;2024-03-23 13:00:00+00:00;NaN;NaN;NaN
2024-03-23;15;NaN;NaN;NaN;NaN;NaN;NaN;NaN;NaN;NaN;NaN;2024-03-23 14:00:00+00:00;NaN;NaN;NaN
2024-03-23;16;NaN;NaN;NaN;NaN;NaN;NaN;NaN;NaN;NaN;NaN;2024-03-23 15:00:00+00:00;NaN;NaN;NaN
2024-03-23;17;NaN;NaN;NaN;NaN;NaN;NaN;NaN;NaN;NaN;NaN;2024-03-23 16:00:00+00:00;NaN;NaN;NaN
2024-03-23;18;NaN;NaN;NaN;NaN;NaN;NaN;NaN;NaN;NaN;NaN;2024-03-23 17:00:00+00:00;NaN;NaN;NaN
2024-03-23;19;NaN;NaN;NaN;NaN;NaN;NaN;NaN;NaN;NaN;NaN;2024-03-23 18:00:00+00:00;NaN;NaN;NaN
2024-03-23;20;NaN;NaN;NaN;NaN;NaN;NaN;NaN;NaN;NaN;NaN;2024-03-23 19:00:00+00:00;NaN;NaN;NaN
2024-03-23;21;NaN;NaN;NaN;NaN;NaN;NaN;NaN;NaN;NaN;NaN;2024-03-23 20:00:00+00:00;NaN;NaN;NaN
2024-03-23;22;NaN;NaN;NaN;NaN;NaN;NaN;NaN;NaN;NaN;NaN;2024-03-23 21:00:00+00:00;NaN;NaN;NaN
2024-03-23;23;NaN;NaN;NaN;NaN;NaN;NaN;NaN;NaN;NaN;NaN;2024-03-23 22:00:00+00:00;NaN;NaN;NaN
2024-03-23;0;100.00;-2.59;-1.39;0.00;0.80;2024-03-23 00:00:00+01:00;3.00;130.00;1.00;129.00;2024-03-22 23:00:00+00:00;38.00;39.00;38.00
2024-03-23;1;100.00;-1.05;0.00;0.00;0.85;2024-03-23 01:00:00+01:00;3.00;127.00;0.00;127.00;2024-03-23 00:00:00+00:00;36.00;NaN;36.00
2024-03-23;2;100.00;-1.05;0.00;0.00;0.85;2024-03-23 02:00:00+01:00;3.00;94.00;0.00;94.00;2024-03-23 01:00:00+00:00;27.00;NaN;27.00
2024-03-23;3;100.00;-1.05;0.00;0.00;0.85;2024-03-23 03:00:00+01:00;3.00;65.00;0.00;65.00;2024-03-23 02:00:00+00:00;42.00;NaN;42.00
2024-03-23;4;100.00;-1.05;0.00;0.00;0.85;2024-03-23 04:00:00+01:00;3.00;60.00;0.00;60.00;2024-03-23 03:00:00+00:00;41.00;NaN;41.00
2024-03-23;5;100.00;-1.05;0.00;0.00;0.85;2024-03-23 05:00:00+01:00;3.00;59.00;2.00;57.00;2024-03-23 04:00:00+00:00;41.00;43.00;41.00
2024-03-23;6;100.00;-1.05;0.00;0.00;0.85;2024-03-23 06:00:00+01:00;3.00;63.00;1.00;62.00;2024-03-23 05:00:00+00:00;37.00;37.00;37.00
2024-03-23;7;100.00;-1.05;0.00;0.00;0.85;2024-03-23 07:00:00+01:00;3.00;94.00;3.00;91.00;2024-03-23 06:00:00+00:00;36.00;36.00;36.00
2024-03-23;8;100.00;-1.05;0.00;0.00;0.85;2024-03-23 08:00:00+01:00;3.00;136.00;3.00;133.00;2024-03-23 07:00:00+00:00;34.00;33.00;34.00
2024-03-23;9;100.00;-1.05;0.00;0.00;0.85;2024-03-23 09:00:00+01:00;3.00;157.00;4.00;153.00;2024-03-23 08:00:00+00:00;37.00;40.00;37.00
2024-03-23;10;100.00;-1.05;0.00;0.00;0.85;2024-03-23 10:00:00+01:00;3.00;209.00;7.00;202.00;2024-03-23 09:00:00+00:00;36.00;37.00;35.00
2024-03-23;11;100.00;-1.05;0.00;0.00;0.85;2024-03-23 11:00:00+01:00;3.00;228.00;6.00;222.00;2024-03-23 10:00:00+00:00;37.00;39.00;37.00
2024-03-23;12;92.00;-1.05;0.00;0.00;0.85;2024-03-23 12:00:00+01:00;3.00;267.00;8.00;260.00;2024-03-23 11:00:00+00:00;36.00;36.00;36.00
2024-03-23;13;100.00;-1.05;0.00;0.00;0.85;2024-03-23 13:00:00+01:00;3.00;269.00;8.00;261.00;2024-03-23 12:00:00+00:00;36.00;37.00;36.00
2024-03-23;14;100.00;-1.05;0.00;0.00;0.85;2024-03-23 14:00:00+01:00;3.00;326.00;7.00;319.00;2024-03-23 13:00:00+00:00;34.00;35.00;34.00
2024-03-23;15;100.00;-1.05;0.00;0.00;0.85;2024-03-23 15:00:00+01:00;3.00;300.00;8.00;292.00;2024-03-23 14:00:00+00:00;39.00;40.00;39.00
2024-03-23;16;100.00;-1.05;0.00;0.00;0.85;2024-03-23 16:00:00+01:00;3.00;331.00;20.00;311.00;2024-03-23 15:00:00+00:00;36.00;39.00;36.00
2024-03-23;17;100.00;-1.05;0.00;0.00;0.85;2024-03-23 17:00:00+01:00;3.00;310.00;9.00;301.00;2024-03-23 16:00:00+00:00;36.00;36.00;36.00
2024-03-23;18;100.00;-1.05;0.00;0.00;0.85;2024-03-23 18:00:00+01:00;3.00;327.00;12.00;315.00;2024-03-23 17:00:00+00:00;35.00;36.00;35.00
2024-03-23;19;100.00;-1.05;0.00;0.00;0.85;2024-03-23 19:00:00+01:00;3.00;240.00;1.00;239.00;2024-03-23 18:00:00+00:00;32.00;34.00;32.00
2024-03-23;20;100.00;-1.05;0.00;0.00;0.85;2024-03-23 20:00:00+01:00;3.00;215.00;0.00;215.00;2024-03-23 19:00:00+00:00;38.00;NaN;38.00
2024-03-23;21;100.00;-1.05;0.00;0.00;0.85;2024-03-23 21:00:00+01:00;3.00;222.00;2.00;220.00;2024-03-23 20:00:00+00:00;37.00;40.00;37.00
2024-03-23;22;100.00;-1.05;0.00;0.00;0.85;2024-03-23 22:00:00+01:00;3.00;178.00;0.00;178.00;2024-03-23 21:00:00+00:00;39.00;NaN;39.00
2024-03-23;23;100.00;-1.05;0.00;0.00;0.85;2024-03-23 23:00:00+01:00;3.00;187.00;0.00;187.00;2024-03-23 22:00:00+00:00;37.00;NaN;37.00
2024-03-24;0;NaN;NaN;NaN;NaN;NaN;NaN;NaN;NaN;NaN;NaN;2024-03-23 23:00:00+00:00;NaN;NaN;NaN
2024-03-24;1;NaN;NaN;NaN;NaN;NaN;NaN;NaN;NaN;NaN;NaN;2024-03-24 00:00:00+00:00;NaN;NaN;NaN
2024-03-24;2;NaN;NaN;NaN;NaN;NaN;NaN;NaN;NaN;NaN;NaN;2024-03-24 01:00:00+00:00;NaN;NaN;NaN
2024-03-24;3;NaN;NaN;NaN;NaN;NaN;NaN;NaN;NaN;NaN;NaN;2024-03-24 02:00:00+00:00;NaN;NaN;NaN
2024-03-24;4;NaN;NaN;NaN;NaN;NaN;NaN;NaN;NaN;NaN;NaN;2024-03-24 03:00:00+00:00;NaN;NaN;NaN
2024-03-24;5;NaN;NaN;NaN;NaN;NaN;NaN;NaN;NaN;NaN;NaN;2024-03-24 04:00:00+00:00;NaN;NaN;NaN
2024-03-24;6;NaN;NaN;NaN;NaN;NaN;NaN;NaN;NaN;NaN;NaN;2024-03-24 05:00:00+00:00;NaN;NaN;NaN
2024-03-24;7;NaN;NaN;NaN;NaN;NaN;NaN;NaN;NaN;NaN;NaN;2024-03-24 06:00:00+00:00;NaN;NaN;NaN
2024-03-24;8;NaN;NaN;NaN;NaN;NaN;NaN;NaN;NaN;NaN;NaN;2024-03-24 07:00:00+00:00;NaN;NaN;NaN
2024-03-24;9;NaN;NaN;NaN;NaN;NaN;NaN;NaN;NaN;NaN;NaN;2024-03-24 08:00:00+00:00;NaN;NaN;NaN
2024-03-24;10;NaN;NaN;NaN;NaN;NaN;NaN;NaN;NaN;NaN;NaN;2024-03-24 09:00:00+00:00;NaN;NaN;NaN
2024-03-24;11;NaN;NaN;NaN;NaN;NaN;NaN;NaN;NaN;NaN;NaN;2024-03-24 10:00:00+00:00;NaN;NaN;NaN
2024-03-24;12;NaN;NaN;NaN;NaN;NaN;NaN;NaN;NaN;NaN;NaN;2024-03-24 11:00:00+00:00;NaN;NaN;NaN
2024-03-24;13;NaN;NaN;NaN;NaN;NaN;NaN;NaN;NaN;NaN;NaN;2024-03-24 12:00:00+00:00;NaN;NaN;NaN
2024-03-24;14;NaN;NaN;NaN;NaN;NaN;NaN;NaN;NaN;NaN;NaN;2024-03-24 13:00:00+00:00;NaN;NaN;NaN
2024-03-24;15;NaN;NaN;NaN;NaN;NaN;NaN;NaN;NaN;NaN;NaN;2024-03-24 14:00:00+00:00;NaN;NaN;NaN
2024-03-24;16;NaN;NaN;NaN;NaN;NaN;NaN;NaN;NaN;NaN;NaN;2024-03-24 15:00:00+00:00;NaN;NaN;NaN
2024-03-24;17;NaN;NaN;NaN;NaN;NaN;NaN;NaN;NaN;NaN;NaN;2024-03-24 16:00:00+00:00;NaN;NaN;NaN
2024-03-24;18;NaN;NaN;NaN;NaN;NaN;NaN;NaN;NaN;NaN;NaN;2024-03-24 17:00:00+00:00;NaN;NaN;NaN
2024-03-24;19;NaN;NaN;NaN;NaN;NaN;NaN;NaN;NaN;NaN;NaN;2024-03-24 18:00:00+00:00;NaN;NaN;NaN
2024-03-24;20;NaN;NaN;NaN;NaN;NaN;NaN;NaN;NaN;NaN;NaN;2024-03-24 19:00:00+00:00;NaN;NaN;NaN
2024-03-24;21;NaN;NaN;NaN;NaN;NaN;NaN;NaN;NaN;NaN;NaN;2024-03-24 20:00:00+00:00;NaN;NaN;NaN
2024-03-24;22;NaN;NaN;NaN;NaN;NaN;NaN;NaN;NaN;NaN;NaN;2024-03-24 21:00:00+00:00;NaN;NaN;NaN
2024-03-24;23;NaN;NaN;NaN;NaN;NaN;NaN;NaN;NaN;NaN;NaN;2024-03-24 22:00:00+00:00;NaN;NaN;NaN
2024-03-24;0;100.00;-1.05;0.00;0.00;0.85;2024-03-24 00:00:00+01:00;3.00;142.00;0.00;142.00;2024-03-23 23:00:00+00:00;39.00;NaN;39.00
2024-03-24;1;100.00;-0.08;0.00;0.00;0.80;2024-03-24 01:00:00+01:00;3.00;128.00;1.00;127.00;2024-03-24 00:00:00+00:00;39.00;39.00;39.00
2024-03-24;2;100.00;-0.08;0.00;0.00;0.80;2024-03-24 02:00:00+01:00;3.00;107.00;0.00;107.00;2024-03-24 01:00:00+00:00;38.00;NaN;38.00
2024-03-24;3;100.00;-0.08;0.00;0.00;0.80;2024-03-24 03:00:00+01:00;3.00;54.00;0.00;54.00;2024-03-24 02:00:00+00:00;39.00;NaN;39.00
2024-03-24;4;100.00;-0.08;0.00;0.00;0.80;2024-03-24 04:00:00+01:00;3.00;70.00;0.00;70.00;2024-03-24 03:00:00+00:00;44.00;NaN;44.00
2024-03-24;5;100.00;-0.08;0.00;0.00;0.80;2024-03-24 05:00:00+01:00;3.00;66.00;0.00;66.00;2024-03-24 04:00:00+00:00;41.00;NaN;41.00
2024-03-24;6;100.00;-0.08;0.00;0.00;0.80;2024-03-24 06:00:00+01:00;3.00;48.00;0.00;48.00;2024-03-24 05:00:00+00:00;40.00;NaN;40.00
2024-03-24;7;100.00;-0.08;0.00;0.00;0.80;2024-03-24 07:00:00+01:00;3.00;45.00;0.00;45.00;2024-03-24 06:00:00+00:00;39.00;NaN;39.00
2024-03-24;8;100.00;-0.08;0.00;0.00;0.80;2024-03-24 08:00:00+01:00;3.00;70.00;1.00;69.00;2024-03-24 07:00:00+00:00;36.00;39.00;36.00
2024-03-24;9;100.00;-0.08;0.00;0.00;0.80;2024-03-24 09:00:00+01:00;3.00;109.00;0.00;109.00;2024-03-24 08:00:00+00:00;32.00;NaN;32.00
2024-03-24;10;100.00;-0.08;0.00;0.00;0.80;2024-03-24 10:00:00+01:00;3.00;136.00;1.00;135.00;2024-03-24 09:00:00+00:00;42.00;42.00;42.00
2024-03-24;11;100.00;-0.08;0.00;0.00;0.80;2024-03-24 11:00:00+01:00;3.00;186.00;1.00;185.00;2024-03-24 10:00:00+00:00;39.00;38.00;39.00
2024-03-24;12;100.00;-0.08;0.00;0.00;0.80;2024-03-24 12:00:00+01:00;3.00;167.00;2.00;165.00;2024-03-24 11:00:00+00:00;34.00;38.00;34.00
2024-03-24;13;100.00;-0.08;0.00;0.00;0.80;2024-03-24 13:00:00+01:00;3.00;231.00;3.00;228.00;2024-03-24 12:00:00+00:00;39.00;38.00;39.00
2024-03-24;14;83.00;-0.08;0.00;0.00;0.80;2024-03-24 14:00:00+01:00;3.00;221.00;1.00;220.00;2024-03-24 13:00:00+00:00;34.00;38.00;34.00
2024-03-24;15;92.00;-0.08;0.00;0.00;0.80;2024-03-24 15:00:00+01:00;3.00;252.00;1.00;251.00;2024-03-24 14:00:00+00:00;36.00;35.00;36.00
2024-03-24;16;100.00;-0.08;0.00;0.00;0.80;2024-03-24 16:00:00+01:00;3.00;219.00;8.00;211.00;2024-03-24 15:00:00+00:00;38.00;39.00;38.00
2024-03-24;17;83.00;-0.08;0.00;0.00;0.80;2024-03-24 17:00:00+01:00;3.00;241.00;8.00;233.00;2024-03-24 16:00:00+00:00;36.00;35.00;36.00
2024-03-24;18;83.00;-0.08;0.00;0.00;0.80;2024-03-24 18:00:00+01:00;3.00;265.00;2.00;263.00;2024-03-24 17:00:00+00:00;34.00;34.00;34.00
2024-03-24;19;83.00;-0.08;0.00;0.00;0.80;2024-03-24 19:00:00+01:00;3.00;200.00;2.00;198.00;2024-03-24 18:00:00+00:00;41.00;42.00;40.00
2024-03-24;20;75.00;-0.08;0.00;0.00;0.80;2024-03-24 20:00:00+01:00;3.00;192.00;1.00;191.00;2024-03-24 19:00:00+00:00;38.00;43.00;38.00
2024-03-24;21;83.00;-0.08;0.00;0.00;0.80;2024-03-24 21:00:00+01:00;3.00;161.00;1.00;160.00;2024-03-24 20:00:00+00:00;38.00;41.00;38.00
2024-03-24;22;83.00;-0.08;0.00;0.00;0.80;2024-03-24 22:00:00+01:00;3.00;137.00;1.00;136.00;2024-03-24 21:00:00+00:00;43.00;51.00;43.00
2024-03-24;23;67.00;-0.08;0.00;0.00;0.80;2024-03-24 23:00:00+01:00;3.00;111.00;0.00;111.00;2024-03-24 22:00:00+00:00;45.00;NaN;45.00
2024-03-25;0;NaN;NaN;NaN;NaN;NaN;NaN;NaN;NaN;NaN;NaN;2024-03-24 23:00:00+00:00;NaN;NaN;NaN
2024-03-25;1;NaN;NaN;NaN;NaN;NaN;NaN;NaN;NaN;NaN;NaN;2024-03-25 00:00:00+00:00;NaN;NaN;NaN
2024-03-25;2;NaN;NaN;NaN;NaN;NaN;NaN;NaN;NaN;NaN;NaN;2024-03-25 01:00:00+00:00;NaN;NaN;NaN
2024-03-25;3;NaN;NaN;NaN;NaN;NaN;NaN;NaN;NaN;NaN;NaN;2024-03-25 02:00:00+00:00;NaN;NaN;NaN
2024-03-25;4;NaN;NaN;NaN;NaN;NaN;NaN;NaN;NaN;NaN;NaN;2024-03-25 03:00:00+00:00;NaN;NaN;NaN
2024-03-25;5;NaN;NaN;NaN;NaN;NaN;NaN;NaN;NaN;NaN;NaN;2024-03-25 04:00:00+00:00;NaN;NaN;NaN
2024-03-25;6;NaN;NaN;NaN;NaN;NaN;NaN;NaN;NaN;NaN;NaN;2024-03-25 05:00:00+00:00;NaN;NaN;NaN
2024-03-25;7;NaN;NaN;NaN;NaN;NaN;NaN;NaN;NaN;NaN;NaN;2024-03-25 06:00:00+00:00;NaN;NaN;NaN
2024-03-25;8;NaN;NaN;NaN;NaN;NaN;NaN;NaN;NaN;NaN;NaN;2024-03-25 07:00:00+00:00;NaN;NaN;NaN
2024-03-25;9;NaN;NaN;NaN;NaN;NaN;NaN;NaN;NaN;NaN;NaN;2024-03-25 08:00:00+00:00;NaN;NaN;NaN
2024-03-25;10;NaN;NaN;NaN;NaN;NaN;NaN;NaN;NaN;NaN;NaN;2024-03-25 09:00:00+00:00;NaN;NaN;NaN
2024-03-25;11;NaN;NaN;NaN;NaN;NaN;NaN;NaN;NaN;NaN;NaN;2024-03-25 10:00:00+00:00;NaN;NaN;NaN
2024-03-25;12;NaN;NaN;NaN;NaN;NaN;NaN;NaN;NaN;NaN;NaN;2024-03-25 11:00:00+00:00;NaN;NaN;NaN
2024-03-25;13;NaN;NaN;NaN;NaN;NaN;NaN;NaN;NaN;NaN;NaN;2024-03-25 12:00:00+00:00;NaN;NaN;NaN
2024-03-25;14;NaN;NaN;NaN;NaN;NaN;NaN;NaN;NaN;NaN;NaN;2024-03-25 13:00:00+00:00;NaN;NaN;NaN
2024-03-25;15;NaN;NaN;NaN;NaN;NaN;NaN;NaN;NaN;NaN;NaN;2024-03-25 14:00:00+00:00;NaN;NaN;NaN
2024-03-25;16;NaN;NaN;NaN;NaN;NaN;NaN;NaN;NaN;NaN;NaN;2024-03-25 15:00:00+00:00;NaN;NaN;NaN
2024-03-25;17;NaN;NaN;NaN;NaN;NaN;NaN;NaN;NaN;NaN;NaN;2024-03-25 16:00:00+00:00;NaN;NaN;NaN
2024-03-25;18;NaN;NaN;NaN;NaN;NaN;NaN;NaN;NaN;NaN;NaN;2024-03-25 17:00:00+00:00;NaN;NaN;NaN
2024-03-25;19;NaN;NaN;NaN;NaN;NaN;NaN;NaN;NaN;NaN;NaN;2024-03-25 18:00:00+00:00;NaN;NaN;NaN
2024-03-25;20;NaN;NaN;NaN;NaN;NaN;NaN;NaN;NaN;NaN;NaN;2024-03-25 19:00:00+00:00;NaN;NaN;NaN
2024-03-25;21;NaN;NaN;NaN;NaN;NaN;NaN;NaN;NaN;NaN;NaN;2024-03-25 20:00:00+00:00;NaN;NaN;NaN
2024-03-25;22;NaN;NaN;NaN;NaN;NaN;NaN;NaN;NaN;NaN;NaN;2024-03-25 21:00:00+00:00;NaN;NaN;NaN
2024-03-25;23;NaN;NaN;NaN;NaN;NaN;NaN;NaN;NaN;NaN;NaN;2024-03-25 22:00:00+00:00;NaN;NaN;NaN
2024-03-25;0;83.00;-0.08;0.00;0.00;0.80;2024-03-25 00:00:00+01:00;3.00;79.00;1.00;78.00;2024-03-24 23:00:00+00:00;48.00;47.00;48.00
2024-03-25;1;100.00;0.27;0.00;0.00;0.89;2024-03-25 01:00:00+01:00;3.00;59.00;4.00;55.00;2024-03-25 00:00:00+00:00;50.00;49.00;50.00
2024-03-25;2;100.00;0.27;0.00;0.00;0.89;2024-03-25 02:00:00+01:00;3.00;43.00;2.00;41.00;2024-03-25 01:00:00+00:00;53.00;52.00;53.00
2024-03-25;3;100.00;0.27;0.00;0.00;0.89;2024-03-25 03:00:00+01:00;3.00;20.00;1.00;19.00;2024-03-25 02:00:00+00:00;54.00;63.00;53.00
2024-03-25;4;100.00;0.27;0.00;0.00;0.89;2024-03-25 04:00:00+01:00;3.00;26.00;1.00;25.00;2024-03-25 03:00:00+00:00;58.00;62.00;58.00
2024-03-25;5;100.00;0.27;0.00;0.00;0.89;2024-03-25 05:00:00+01:00;3.00;56.00;2.00;54.00;2024-03-25 04:00:00+00:00;52.00;58.00;52.00
2024-03-25;6;100.00;0.27;0.00;0.00;0.89;2024-03-25 06:00:00+01:00;3.00;133.00;5.00;128.00;2024-03-25 05:00:00+00:00;45.00;47.00;45.00
2024-03-25;7;100.00;0.27;0.00;0.00;0.89;2024-03-25 07:00:00+01:00;3.00;251.00;10.00;241.00;2024-03-25 06:00:00+00:00;44.00;44.00;44.00
2024-03-25;8;100.00;0.27;0.00;0.00;0.89;2024-03-25 08:00:00+01:00;3.00;227.00;11.00;216.00;2024-03-25 07:00:00+00:00;37.00;39.00;37.00
2024-03-25;9;100.00;0.27;0.00;0.00;0.89;2024-03-25 09:00:00+01:00;3.00;318.00;12.00;306.00;2024-03-25 08:00:00+00:00;32.00;32.00;32.00
2024-03-25;10;100.00;0.27;0.00;0.00;0.89;2024-03-25 10:00:00+01:00;3.00;276.00;3.00;273.00;2024-03-25 09:00:00+00:00;32.00;32.00;32.00
2024-03-25;11;100.00;0.27;0.00;0.00;0.89;2024-03-25 11:00:00+01:00;3.00;277.00;11.00;266.00;2024-03-25 10:00:00+00:00;34.00;33.00;34.00
2024-03-25;12;100.00;0.27;0.00;0.00;0.89;2024-03-25 12:00:00+01:00;3.00;256.00;12.00;244.00;2024-03-25 11:00:00+00:00;34.00;37.00;34.00
2024-03-25;13;100.00;0.27;0.00;0.00;0.89;2024-03-25 13:00:00+01:00;3.00;289.00;7.00;282.00;2024-03-25 12:00:00+00:00;42.00;42.00;42.00
2024-03-25;14;100.00;0.27;0.00;0.00;0.89;2024-03-25 14:00:00+01:00;3.00;314.00;19.00;295.00;2024-03-25 13:00:00+00:00;41.00;41.00;41.00
2024-03-25;15;100.00;0.27;0.00;0.00;0.89;2024-03-25 15:00:00+01:00;3.00;328.00;33.00;295.00;2024-03-25 14:00:00+00:00;38.00;39.00;38.00
2024-03-25;16;100.00;0.27;0.00;0.00;0.89;2024-03-25 16:00:00+01:00;3.00;356.00;10.00;346.00;2024-03-25 15:00:00+00:00;33.00;32.00;33.00
2024-03-25;17;100.00;0.27;0.00;0.00;0.89;2024-03-25 17:00:00+01:00;3.00;324.00;3.00;321.00;2024-03-25 16:00:00+00:00;37.00;36.00;37.00
2024-03-25;18;100.00;0.27;0.00;0.00;0.89;2024-03-25 18:00:00+01:00;3.00;304.00;9.00;295.00;2024-03-25 17:00:00+00:00;36.00;36.00;36.00
2024-03-25;19;100.00;0.27;0.00;0.00;0.89;2024-03-25 19:00:00+01:00;3.00;195.00;5.00;190.00;2024-03-25 18:00:00+00:00;34.00;37.00;34.00
2024-03-25;20;100.00;0.27;0.00;0.00;0.89;2024-03-25 20:00:00+01:00;3.00;189.00;1.00;188.00;2024-03-25 19:00:00+00:00;36.00;38.00;36.00
2024-03-25;21;100.00;0.27;0.00;0.00;0.89;2024-03-25 21:00:00+01:00;3.00;171.00;3.00;168.00;2024-03-25 20:00:00+00:00;36.00;35.00;36.00
2024-03-25;22;100.00;0.27;0.00;0.00;0.89;2024-03-25 22:00:00+01:00;3.00;135.00;2.00;133.00;2024-03-25 21:00:00+00:00;36.00;38.00;36.00
2024-03-25;23;100.00;0.27;0.00;0.00;0.89;2024-03-25 23:00:00+01:00;3.00;123.00;0.00;123.00;2024-03-25 22:00:00+00:00;38.00;NaN;38.00
2024-03-26;0;NaN;NaN;NaN;NaN;NaN;NaN;NaN;NaN;NaN;NaN;2024-03-25 23:00:00+00:00;NaN;NaN;NaN
2024-03-26;1;NaN;NaN;NaN;NaN;NaN;NaN;NaN;NaN;NaN;NaN;2024-03-26 00:00:00+00:00;NaN;NaN;NaN
2024-03-26;2;NaN;NaN;NaN;NaN;NaN;NaN;NaN;NaN;NaN;NaN;2024-03-26 01:00:00+00:00;NaN;NaN;NaN
2024-03-26;3;NaN;NaN;NaN;NaN;NaN;NaN;NaN;NaN;NaN;NaN;2024-03-26 02:00:00+00:00;NaN;NaN;NaN
2024-03-26;4;NaN;NaN;NaN;NaN;NaN;NaN;NaN;NaN;NaN;NaN;2024-03-26 03:00:00+00:00;NaN;NaN;NaN
2024-03-26;5;NaN;NaN;NaN;NaN;NaN;NaN;NaN;NaN;NaN;NaN;2024-03-26 04:00:00+00:00;NaN;NaN;NaN
2024-03-26;6;NaN;NaN;NaN;NaN;NaN;NaN;NaN;NaN;NaN;NaN;2024-03-26 05:00:00+00:00;NaN;NaN;NaN
2024-03-26;7;NaN;NaN;NaN;NaN;NaN;NaN;NaN;NaN;NaN;NaN;2024-03-26 06:00:00+00:00;NaN;NaN;NaN
2024-03-26;8;NaN;NaN;NaN;NaN;NaN;NaN;NaN;NaN;NaN;NaN;2024-03-26 07:00:00+00:00;NaN;NaN;NaN
2024-03-26;9;NaN;NaN;NaN;NaN;NaN;NaN;NaN;NaN;NaN;NaN;2024-03-26 08:00:00+00:00;NaN;NaN;NaN
2024-03-26;10;NaN;NaN;NaN;NaN;NaN;NaN;NaN;NaN;NaN;NaN;2024-03-26 09:00:00+00:00;NaN;NaN;NaN
2024-03-26;11;NaN;NaN;NaN;NaN;NaN;NaN;NaN;NaN;NaN;NaN;2024-03-26 10:00:00+00:00;NaN;NaN;NaN
2024-03-26;12;NaN;NaN;NaN;NaN;NaN;NaN;NaN;NaN;NaN;NaN;2024-03-26 11:00:00+00:00;NaN;NaN;NaN
2024-03-26;13;NaN;NaN;NaN;NaN;NaN;NaN;NaN;NaN;NaN;NaN;2024-03-26 12:00:00+00:00;NaN;NaN;NaN
2024-03-26;14;NaN;NaN;NaN;NaN;NaN;NaN;NaN;NaN;NaN;NaN;2024-03-26 13:00:00+00:00;NaN;NaN;NaN
2024-03-26;15;NaN;NaN;NaN;NaN;NaN;NaN;NaN;NaN;NaN;NaN;2024-03-26 14:00:00+00:00;NaN;NaN;NaN
2024-03-26;16;NaN;NaN;NaN;NaN;NaN;NaN;NaN;NaN;NaN;NaN;2024-03-26 15:00:00+00:00;NaN;NaN;NaN
2024-03-26;17;NaN;NaN;NaN;NaN;NaN;NaN;NaN;NaN;NaN;NaN;2024-03-26 16:00:00+00:00;NaN;NaN;NaN
2024-03-26;18;NaN;NaN;NaN;NaN;NaN;NaN;NaN;NaN;NaN;NaN;2024-03-26 17:00:00+00:00;NaN;NaN;NaN
2024-03-26;19;NaN;NaN;NaN;NaN;NaN;NaN;NaN;NaN;NaN;NaN;2024-03-26 18:00:00+00:00;NaN;NaN;NaN
2024-03-26;20;NaN;NaN;NaN;NaN;NaN;NaN;NaN;NaN;NaN;NaN;2024-03-26 19:00:00+00:00;NaN;NaN;NaN
2024-03-26;21;NaN;NaN;NaN;NaN;NaN;NaN;NaN;NaN;NaN;NaN;2024-03-26 20:00:00+00:00;NaN;NaN;NaN
2024-03-26;22;NaN;NaN;NaN;NaN;NaN;NaN;NaN;NaN;NaN;NaN;2024-03-26 21:00:00+00:00;NaN;NaN;NaN
2024-03-26;23;NaN;NaN;NaN;NaN;NaN;NaN;NaN;NaN;NaN;NaN;2024-03-26 22:00:00+00:00;NaN;NaN;NaN
2024-03-26;0;100.00;0.27;0.00;0.00;0.89;2024-03-26 00:00:00+01:00;3.00;59.00;0.00;59.00;2024-03-25 23:00:00+00:00;37.00;NaN;37.00
2024-03-26;1;100.00;-1.41;-2.77;0.00;0.86;2024-03-26 01:00:00+01:00;3.00;53.00;2.00;51.00;2024-03-26 00:00:00+00:00;36.00;35.00;36.00
2024-03-26;2;100.00;-1.41;-2.77;0.00;0.86;2024-03-26 02:00:00+01:00;3.00;33.00;2.00;31.00;2024-03-26 01:00:00+00:00;34.00;34.00;34.00
2024-03-26;3;100.00;-1.41;-2.77;0.00;0.86;2024-03-26 03:00:00+01:00;3.00;20.00;3.00;17.00;2024-03-26 02:00:00+00:00;45.00;48.00;44.00
2024-03-26;4;100.00;-1.41;-2.77;0.00;0.86;2024-03-26 04:00:00+01:00;3.00;29.00;2.00;27.00;2024-03-26 03:00:00+00:00;44.00;46.00;44.00
2024-03-26;5;100.00;-1.41;-2.77;0.00;0.86;2024-03-26 05:00:00+01:00;3.00;61.00;0.00;61.00;2024-03-26 04:00:00+00:00;42.00;NaN;42.00
2024-03-26;6;100.00;-1.41;-2.77;0.00;0.86;2024-03-26 06:00:00+01:00;3.00;129.00;4.00;125.00;2024-03-26 05:00:00+00:00;41.00;41.00;41.00
2024-03-26;7;100.00;-1.41;-2.77;0.00;0.86;2024-03-26 07:00:00+01:00;3.00;207.00;8.00;199.00;2024-03-26 06:00:00+00:00;35.00;35.00;35.00
2024-03-26;8;100.00;-1.41;-2.77;0.00;0.86;2024-03-26 08:00:00+01:00;3.00;254.00;14.00;240.00;2024-03-26 07:00:00+00:00;31.00;33.00;31.00
2024-03-26;9;100.00;-1.41;-2.77;0.00;0.86;2024-03-26 09:00:00+01:00;3.00;259.00;12.00;247.00;2024-03-26 08:00:00+00:00;32.00;36.00;31.00
2024-03-26;10;100.00;-1.41;-2.77;0.00;0.86;2024-03-26 10:00:00+01:00;3.00;257.00;4.00;253.00;2024-03-26 09:00:00+00:00;26.00;28.00;26.00
2024-03-26;11;100.00;-1.41;-2.77;0.00;0.86;2024-03-26 11:00:00+01:00;3.00;320.00;5.00;315.00;2024-03-26 10:00:00+00:00;22.00;25.00;22.00
2024-03-26;12;100.00;-1.41;-2.77;0.00;0.86;2024-03-26 12:00:00+01:00;3.00;256.00;3.00;253.00;2024-03-26 11:00:00+00:00;27.00;26.00;27.00
2024-03-26;13;100.00;-1.41;-2.77;0.00;0.86;2024-03-26 13:00:00+01:00;3.00;348.00;7.00;341.00;2024-03-26 12:00:00+00:00;24.00;23.00;24.00
2024-03-26;14;100.00;-1.41;-2.77;0.00;0.86;2024-03-26 14:00:00+01:00;3.00;423.00;9.00;414.00;2024-03-26 13:00:00+00:00;23.00;23.00;23.00
2024-03-26;15;100.00;-1.41;-2.77;0.00;0.86;2024-03-26 15:00:00+01:00;3.00;351.00;11.00;340.00;2024-03-26 14:00:00+00:00;27.00;29.00;27.00
2024-03-26;16;100.00;-1.41;-2.77;0.00;0.86;2024-03-26 16:00:00+01:00;3.00;332.00;11.00;321.00;2024-03-26 15:00:00+00:00;30.00;31.00;30.00
2024-03-26;17;100.00;-1.41;-2.77;0.00;0.86;2024-03-26 17:00:00+01:00;3.00;355.00;11.00;344.00;2024-03-26 16:00:00+00:00;26.00;26.00;26.00
2024-03-26;18;100.00;-1.41;-2.77;0.00;0.86;2024-03-26 18:00:00+01:00;3.00;334.00;7.00;327.00;2024-03-26 17:00:00+00:00;22.00;23.00;22.00
2024-03-26;19;100.00;-1.41;-2.77;0.00;0.86;2024-03-26 19:00:00+01:00;3.00;274.00;2.00;272.00;2024-03-26 18:00:00+00:00;30.00;28.00;30.00
2024-03-26;20;100.00;-1.41;-2.77;0.00;0.86;2024-03-26 20:00:00+01:00;3.00;196.00;2.00;194.00;2024-03-26 19:00:00+00:00;32.00;35.00;32.00
2024-03-26;21;100.00;-1.41;-2.77;0.00;0.86;2024-03-26 21:00:00+01:00;3.00;145.00;1.00;144.00;2024-03-26 20:00:00+00:00;30.00;34.00;30.00
2024-03-26;22;100.00;-1.41;-2.77;0.00;0.86;2024-03-26 22:00:00+01:00;3.00;160.00;1.00;159.00;2024-03-26 21:00:00+00:00;35.00;42.00;35.00
2024-03-26;23;100.00;-1.41;-2.77;0.00;0.86;2024-03-26 23:00:00+01:00;3.00;132.00;1.00;131.00;2024-03-26 22:00:00+00:00;35.00;34.00;35.00
2024-03-27;0;NaN;NaN;NaN;NaN;NaN;NaN;NaN;NaN;NaN;NaN;2024-03-26 23:00:00+00:00;NaN;NaN;NaN
2024-03-27;1;NaN;NaN;NaN;NaN;NaN;NaN;NaN;NaN;NaN;NaN;2024-03-27 00:00:00+00:00;NaN;NaN;NaN
2024-03-27;2;NaN;NaN;NaN;NaN;NaN;NaN;NaN;NaN;NaN;NaN;2024-03-27 01:00:00+00:00;NaN;NaN;NaN
2024-03-27;3;NaN;NaN;NaN;NaN;NaN;NaN;NaN;NaN;NaN;NaN;2024-03-27 02:00:00+00:00;NaN;NaN;NaN
2024-03-27;4;NaN;NaN;NaN;NaN;NaN;NaN;NaN;NaN;NaN;NaN;2024-03-27 03:00:00+00:00;NaN;NaN;NaN
2024-03-27;5;NaN;NaN;NaN;NaN;NaN;NaN;NaN;NaN;NaN;NaN;2024-03-27 04:00:00+00:00;NaN;NaN;NaN
2024-03-27;6;NaN;NaN;NaN;NaN;NaN;NaN;NaN;NaN;NaN;NaN;2024-03-27 05:00:00+00:00;NaN;NaN;NaN
2024-03-27;7;NaN;NaN;NaN;NaN;NaN;NaN;NaN;NaN;NaN;NaN;2024-03-27 06:00:00+00:00;NaN;NaN;NaN
2024-03-27;8;NaN;NaN;NaN;NaN;NaN;NaN;NaN;NaN;NaN;NaN;2024-03-27 07:00:00+00:00;NaN;NaN;NaN
2024-03-27;9;NaN;NaN;NaN;NaN;NaN;NaN;NaN;NaN;NaN;NaN;2024-03-27 08:00:00+00:00;NaN;NaN;NaN
2024-03-27;10;NaN;NaN;NaN;NaN;NaN;NaN;NaN;NaN;NaN;NaN;2024-03-27 09:00:00+00:00;NaN;NaN;NaN
2024-03-27;11;NaN;NaN;NaN;NaN;NaN;NaN;NaN;NaN;NaN;NaN;2024-03-27 10:00:00+00:00;NaN;NaN;NaN
2024-03-27;12;NaN;NaN;NaN;NaN;NaN;NaN;NaN;NaN;NaN;NaN;2024-03-27 11:00:00+00:00;NaN;NaN;NaN
2024-03-27;13;NaN;NaN;NaN;NaN;NaN;NaN;NaN;NaN;NaN;NaN;2024-03-27 12:00:00+00:00;NaN;NaN;NaN
2024-03-27;14;NaN;NaN;NaN;NaN;NaN;NaN;NaN;NaN;NaN;NaN;2024-03-27 13:00:00+00:00;NaN;NaN;NaN
2024-03-27;15;NaN;NaN;NaN;NaN;NaN;NaN;NaN;NaN;NaN;NaN;2024-03-27 14:00:00+00:00;NaN;NaN;NaN
2024-03-27;16;NaN;NaN;NaN;NaN;NaN;NaN;NaN;NaN;NaN;NaN;2024-03-27 15:00:00+00:00;NaN;NaN;NaN
2024-03-27;17;NaN;NaN;NaN;NaN;NaN;NaN;NaN;NaN;NaN;NaN;2024-03-27 16:00:00+00:00;NaN;NaN;NaN
2024-03-27;18;NaN;NaN;NaN;NaN;NaN;NaN;NaN;NaN;NaN;NaN;2024-03-27 17:00:00+00:00;NaN;NaN;NaN
2024-03-27;19;NaN;NaN;NaN;NaN;NaN;NaN;NaN;NaN;NaN;NaN;2024-03-27 18:00:00+00:00;NaN;NaN;NaN
2024-03-27;20;NaN;NaN;NaN;NaN;NaN;NaN;NaN;NaN;NaN;NaN;2024-03-27 19:00:00+00:00;NaN;NaN;NaN
2024-03-27;21;NaN;NaN;NaN;NaN;NaN;NaN;NaN;NaN;NaN;NaN;2024-03-27 20:00:00+00:00;NaN;NaN;NaN
2024-03-27;22;NaN;NaN;NaN;NaN;NaN;NaN;NaN;NaN;NaN;NaN;2024-03-27 21:00:00+00:00;NaN;NaN;NaN
2024-03-27;23;NaN;NaN;NaN;NaN;NaN;NaN;NaN;NaN;NaN;NaN;2024-03-27 22:00:00+00:00;NaN;NaN;NaN
2024-03-27;0;100.00;-1.41;-2.77;0.00;0.86;2024-03-27 00:00:00+01:00;3.00;89.00;1.00;88.00;2024-03-26 23:00:00+00:00;35.00;36.00;35.00
2024-03-27;1;100.00;-1.68;-1.39;0.00;0.82;2024-03-27 01:00:00+01:00;3.00;53.00;1.00;52.00;2024-03-27 00:00:00+00:00;35.00;37.00;35.00
2024-03-27;2;100.00;-1.68;-1.39;0.00;0.82;2024-03-27 02:00:00+01:00;3.00;49.00;2.00;47.00;2024-03-27 01:00:00+00:00;34.00;34.00;34.00
2024-03-27;3;100.00;-1.68;-1.39;0.00;0.82;2024-03-27 03:00:00+01:00;3.00;20.00;1.00;19.00;2024-03-27 02:00:00+00:00;41.00;40.00;41.00
2024-03-27;4;100.00;-1.68;-1.39;0.00;0.82;2024-03-27 04:00:00+01:00;3.00;28.00;2.00;26.00;2024-03-27 03:00:00+00:00;38.00;38.00;38.00
2024-03-27;5;100.00;-1.68;-1.39;0.00;0.82;2024-03-27 05:00:00+01:00;3.00;64.00;4.00;60.00;2024-03-27 04:00:00+00:00;41.00;41.00;41.00
2024-03-27;6;100.00;-1.68;-1.39;0.00;0.82;2024-03-27 06:00:00+01:00;3.00;141.00;2.00;139.00;2024-03-27 05:00:00+00:00;39.00;40.00;39.00
2024-03-27;7;100.00;-1.68;-1.39;0.00;0.82;2024-03-27 07:00:00+01:00;3.00;198.00;9.00;189.00;2024-03-27 06:00:00+00:00;39.00;39.00;39.00
2024-03-27;8;100.00;-1.68;-1.39;0.00;0.82;2024-03-27 08:00:00+01:00;3.00;273.00;15.00;258.00;2024-03-27 07:00:00+00:00;33.00;34.00;33.00
2024-03-27;9;100.00;-1.68;-1.39;0.00;0.82;2024-03-27 09:00:00+01:00;3.00;277.00;6.00;271.00;2024-03-27 08:00:00+00:00;30.00;31.00;30.00
2024-03-27;10;100.00;-1.68;-1.39;0.00;0.82;2024-03-27 10:00:00+01:00;3.00;273.00;5.00;268.00;2024-03-27 09:00:00+00:00;26.00;29.00;26.00
2024-03-27;11;100.00;-1.68;-1.39;0.00;0.82;2024-03-27 11:00:00+01:00;3.00;296.00;4.00;292.00;2024-03-27 10:00:00+00:00;19.00;21.00;19.00
2024-03-27;12;100.00;-1.68;-1.39;0.00;0.82;2024-03-27 12:00:00+01:00;3.00;354.00;13.00;341.00;2024-03-27 11:00:00+00:00;24.00;27.00;23.00
2024-03-27;13;100.00;-1.68;-1.39;0.00;0.82;2024-03-27 13:00:00+01:00;3.00;337.00;7.00;330.00;2024-03-27 12:00:00+00:00;32.00;28.00;32.00
2024-03-27;14;100.00;-1.68;-1.39;0.00;0.82;2024-03-27 14:00:00+01:00;3.00;308.00;8.00;300.00;2024-03-27 13:00:00+00:00;29.00;33.00;28.00
2024-03-27;15;100.00;-1.68;-1.39;0.00;0.82;2024-03-27 15:00:00+01:00;3.00;298.00;4.00;294.00;2024-03-27 14:00:00+00:00;14.00;23.00;14.00
2024-03-27;16;100.00;-1.68;-1.39;0.00;0.82;2024-03-27 16:00:00+01:00;3.00;258.00;7.00;251.00;2024-03-27 15:00:00+00:00;16.00;17.00;15.00
2024-03-27;17;100.00;-1.68;-1.39;0.00;0.82;2024-03-27 17:00:00+01:00;3.00;283.00;1.00;282.00;2024-03-27 16:00:00+00:00;15.00;23.00;15.00
2024-03-27;18;100.00;-1.68;-1.39;0.00;0.82;2024-03-27 18:00:00+01:00;3.00;332.00;0.00;332.00;2024-03-27 17:00:00+00:00;17.00;NaN;17.00
2024-03-27;19;100.00;-1.68;-1.39;0.00;0.82;2024-03-27 19:00:00+01:00;3.00;249.00;4.00;245.00;2024-03-27 18:00:00+00:00;30.00;30.00;30.00
2024-03-27;20;100.00;-1.68;-1.39;0.00;0.82;2024-03-27 20:00:00+01:00;3.00;240.00;2.00;238.00;2024-03-27 19:00:00+00:00;33.00;29.00;33.00
2024-03-27;21;100.00;-1.68;-1.39;0.00;0.82;2024-03-27 21:00:00+01:00;3.00;192.00;1.00;191.00;2024-03-27 20:00:00+00:00;31.00;35.00;31.00
2024-03-27;22;100.00;-1.68;-1.39;0.00;0.82;2024-03-27 22:00:00+01:00;3.00;192.00;2.00;190.00;2024-03-27 21:00:00+00:00;33.00;35.00;32.00
2024-03-27;23;100.00;-1.68;-1.39;0.00;0.82;2024-03-27 23:00:00+01:00;3.00;122.00;0.00;122.00;2024-03-27 22:00:00+00:00;29.00;NaN;29.00
2024-03-28;0;NaN;NaN;NaN;NaN;NaN;NaN;NaN;NaN;NaN;NaN;2024-03-27 23:00:00+00:00;NaN;NaN;NaN
2024-03-28;1;NaN;NaN;NaN;NaN;NaN;NaN;NaN;NaN;NaN;NaN;2024-03-28 00:00:00+00:00;NaN;NaN;NaN
2024-03-28;2;NaN;NaN;NaN;NaN;NaN;NaN;NaN;NaN;NaN;NaN;2024-03-28 01:00:00+00:00;NaN;NaN;NaN
2024-03-28;3;NaN;NaN;NaN;NaN;NaN;NaN;NaN;NaN;NaN;NaN;2024-03-28 02:00:00+00:00;NaN;NaN;NaN
2024-03-28;4;NaN;NaN;NaN;NaN;NaN;NaN;NaN;NaN;NaN;NaN;2024-03-28 03:00:00+00:00;NaN;NaN;NaN
2024-03-28;5;NaN;NaN;NaN;NaN;NaN;NaN;NaN;NaN;NaN;NaN;2024-03-28 04:00:00+00:00;NaN;NaN;NaN
2024-03-28;6;NaN;NaN;NaN;NaN;NaN;NaN;NaN;NaN;NaN;NaN;2024-03-28 05:00:00+00:00;NaN;NaN;NaN
2024-03-28;7;NaN;NaN;NaN;NaN;NaN;NaN;NaN;NaN;NaN;NaN;2024-03-28 06:00:00+00:00;NaN;NaN;NaN
2024-03-28;8;NaN;NaN;NaN;NaN;NaN;NaN;NaN;NaN;NaN;NaN;2024-03-28 07:00:00+00:00;NaN;NaN;NaN
2024-03-28;9;NaN;NaN;NaN;NaN;NaN;NaN;NaN;NaN;NaN;NaN;2024-03-28 08:00:00+00:00;NaN;NaN;NaN
2024-03-28;10;NaN;NaN;NaN;NaN;NaN;NaN;NaN;NaN;NaN;NaN;2024-03-28 09:00:00+00:00;NaN;NaN;NaN
2024-03-28;11;NaN;NaN;NaN;NaN;NaN;NaN;NaN;NaN;NaN;NaN;2024-03-28 10:00:00+00:00;NaN;NaN;NaN
2024-03-28;12;NaN;NaN;NaN;NaN;NaN;NaN;NaN;NaN;NaN;NaN;2024-03-28 11:00:00+00:00;NaN;NaN;NaN
2024-03-28;13;NaN;NaN;NaN;NaN;NaN;NaN;NaN;NaN;NaN;NaN;2024-03-28 12:00:00+00:00;NaN;NaN;NaN
2024-03-28;14;NaN;NaN;NaN;NaN;NaN;NaN;NaN;NaN;NaN;NaN;2024-03-28 13:00:00+00:00;NaN;NaN;NaN
2024-03-28;15;NaN;NaN;NaN;NaN;NaN;NaN;NaN;NaN;NaN;NaN;2024-03-28 14:00:00+00:00;NaN;NaN;NaN
2024-03-28;16;NaN;NaN;NaN;NaN;NaN;NaN;NaN;NaN;NaN;NaN;2024-03-28 15:00:00+00:00;NaN;NaN;NaN
2024-03-28;17;NaN;NaN;NaN;NaN;NaN;NaN;NaN;NaN;NaN;NaN;2024-03-28 16:00:00+00:00;NaN;NaN;NaN
2024-03-28;18;NaN;NaN;NaN;NaN;NaN;NaN;NaN;NaN;NaN;NaN;2024-03-28 17:00:00+00:00;NaN;NaN;NaN
2024-03-28;19;NaN;NaN;NaN;NaN;NaN;NaN;NaN;NaN;NaN;NaN;2024-03-28 18:00:00+00:00;NaN;NaN;NaN
2024-03-28;20;NaN;NaN;NaN;NaN;NaN;NaN;NaN;NaN;NaN;NaN;2024-03-28 19:00:00+00:00;NaN;NaN;NaN
2024-03-28;21;NaN;NaN;NaN;NaN;NaN;NaN;NaN;NaN;NaN;NaN;2024-03-28 20:00:00+00:00;NaN;NaN;NaN
2024-03-28;22;NaN;NaN;NaN;NaN;NaN;NaN;NaN;NaN;NaN;NaN;2024-03-28 21:00:00+00:00;NaN;NaN;NaN
2024-03-28;23;NaN;NaN;NaN;NaN;NaN;NaN;NaN;NaN;NaN;NaN;2024-03-28 22:00:00+00:00;NaN;NaN;NaN
2024-03-28;0;100.00;-1.68;-1.39;0.00;0.82;2024-03-28 00:00:00+01:00;3.00;90.00;0.00;90.00;2024-03-27 23:00:00+00:00;33.00;NaN;33.00
2024-03-28;1;100.00;-1.35;-1.39;0.00;0.84;2024-03-28 01:00:00+01:00;3.00;76.00;1.00;75.00;2024-03-28 00:00:00+00:00;34.00;36.00;34.00
2024-03-28;2;100.00;-1.35;-1.39;0.00;0.84;2024-03-28 02:00:00+01:00;3.00;39.00;2.00;37.00;2024-03-28 01:00:00+00:00;31.00;30.00;31.00
2024-03-28;3;100.00;-1.35;-1.39;0.00;0.84;2024-03-28 03:00:00+01:00;3.00;28.00;2.00;26.00;2024-03-28 02:00:00+00:00;36.00;35.00;36.00
2024-03-28;4;100.00;-1.35;-1.39;0.00;0.84;2024-03-28 04:00:00+01:00;3.00;33.00;1.00;32.00;2024-03-28 03:00:00+00:00;37.00;34.00;37.00
2024-03-28;5;100.00;-1.35;-1.39;0.00;0.84;2024-03-28 05:00:00+01:00;3.00;59.00;0.00;59.00;2024-03-28 04:00:00+00:00;41.00;NaN;41.00
2024-03-28;6;100.00;-1.35;-1.39;0.00;0.84;2024-03-28 06:00:00+01:00;3.00;147.00;13.00;134.00;2024-03-28 05:00:00+00:00;41.00;41.00;41.00
2024-03-28;7;100.00;-1.35;-1.39;0.00;0.84;2024-03-28 07:00:00+01:00;3.00;219.00;9.00;210.00;2024-03-28 06:00:00+00:00;31.00;37.00;31.00
2024-03-28;8;100.00;-1.35;-1.39;0.00;0.84;2024-03-28 08:00:00+01:00;3.00;249.00;6.00;243.00;2024-03-28 07:00:00+00:00;35.00;36.00;35.00
2024-03-28;9;100.00;-1.35;-1.39;0.00;0.84;2024-03-28 09:00:00+01:00;3.00;250.00;8.00;242.00;2024-03-28 08:00:00+00:00;32.00;38.00;32.00
2024-03-28;10;100.00;-1.35;-1.39;0.00;0.84;2024-03-28 10:00:00+01:00;3.00;263.00;6.00;257.00;2024-03-28 09:00:00+00:00;30.00;32.00;30.00
2024-03-28;11;100.00;-1.35;-1.39;0.00;0.84;2024-03-28 11:00:00+01:00;3.00;309.00;4.00;305.00;2024-03-28 10:00:00+00:00;24.00;26.00;24.00
2024-03-28;12;100.00;-1.35;-1.39;0.00;0.84;2024-03-28 12:00:00+01:00;3.00;314.00;12.00;302.00;2024-03-28 11:00:00+00:00;31.00;33.00;31.00
2024-03-28;13;100.00;-1.35;-1.39;0.00;0.84;2024-03-28 13:00:00+01:00;3.00;340.00;10.00;330.00;2024-03-28 12:00:00+00:00;39.00;39.00;39.00
2024-03-28;14;100.00;-1.35;-1.39;0.00;0.84;2024-03-28 14:00:00+01:00;3.00;337.00;28.00;309.00;2024-03-28 13:00:00+00:00;32.00;35.00;32.00
2024-03-28;15;100.00;-1.35;-1.39;0.00;0.84;2024-03-28 15:00:00+01:00;3.00;325.00;14.00;311.00;2024-03-28 14:00:00+00:00;29.00;35.00;29.00
2024-03-28;16;100.00;-1.35;-1.39;0.00;0.84;2024-03-28 16:00:00+01:00;3.00;405.00;11.00;394.00;2024-03-28 15:00:00+00:00;26.00;22.00;26.00
2024-03-28;17;100.00;-1.35;-1.39;0.00;0.84;2024-03-28 17:00:00+01:00;3.00;377.00;10.00;367.00;2024-03-28 16:00:00+00:00;26.00;24.00;26.00
2024-03-28;18;100.00;-1.35;-1.39;0.00;0.84;2024-03-28 18:00:00+01:00;3.00;317.00;4.00;313.00;2024-03-28 17:00:00+00:00;25.00;27.00;25.00
2024-03-28;19;100.00;-1.35;-1.39;0.00;0.84;2024-03-28 19:00:00+01:00;3.00;258.00;7.00;251.00;2024-03-28 18:00:00+00:00;33.00;36.00;33.00
2024-03-28;20;100.00;-1.35;-1.39;0.00;0.84;2024-03-28 20:00:00+01:00;3.00;227.00;4.00;223.00;2024-03-28 19:00:00+00:00;36.00;39.00;36.00
2024-03-28;21;100.00;-1.35;-1.39;0.00;0.84;2024-03-28 21:00:00+01:00;3.00;174.00;5.00;169.00;2024-03-28 20:00:00+00:00;34.00;36.00;34.00
2024-03-28;22;100.00;-1.35;-1.39;0.00;0.84;2024-03-28 22:00:00+01:00;3.00;183.00;2.00;181.00;2024-03-28 21:00:00+00:00;36.00;38.00;36.00
2024-03-28;23;100.00;-1.35;-1.39;0.00;0.84;2024-03-28 23:00:00+01:00;3.00;158.00;2.00;156.00;2024-03-28 22:00:00+00:00;38.00;36.00;38.00
2024-03-29;0;NaN;NaN;NaN;NaN;NaN;NaN;NaN;NaN;NaN;NaN;2024-03-28 23:00:00+00:00;NaN;NaN;NaN
2024-03-29;1;NaN;NaN;NaN;NaN;NaN;NaN;NaN;NaN;NaN;NaN;2024-03-29 00:00:00+00:00;NaN;NaN;NaN
2024-03-29;2;NaN;NaN;NaN;NaN;NaN;NaN;NaN;NaN;NaN;NaN;2024-03-29 01:00:00+00:00;NaN;NaN;NaN
2024-03-29;3;NaN;NaN;NaN;NaN;NaN;NaN;NaN;NaN;NaN;NaN;2024-03-29 02:00:00+00:00;NaN;NaN;NaN
2024-03-29;4;NaN;NaN;NaN;NaN;NaN;NaN;NaN;NaN;NaN;NaN;2024-03-29 03:00:00+00:00;NaN;NaN;NaN
2024-03-29;5;NaN;NaN;NaN;NaN;NaN;NaN;NaN;NaN;NaN;NaN;2024-03-29 04:00:00+00:00;NaN;NaN;NaN
2024-03-29;6;NaN;NaN;NaN;NaN;NaN;NaN;NaN;NaN;NaN;NaN;2024-03-29 05:00:00+00:00;NaN;NaN;NaN
2024-03-29;7;NaN;NaN;NaN;NaN;NaN;NaN;NaN;NaN;NaN;NaN;2024-03-29 06:00:00+00:00;NaN;NaN;NaN
2024-03-29;8;NaN;NaN;NaN;NaN;NaN;NaN;NaN;NaN;NaN;NaN;2024-03-29 07:00:00+00:00;NaN;NaN;NaN
2024-03-29;9;NaN;NaN;NaN;NaN;NaN;NaN;NaN;NaN;NaN;NaN;2024-03-29 08:00:00+00:00;NaN;NaN;NaN
2024-03-29;10;NaN;NaN;NaN;NaN;NaN;NaN;NaN;NaN;NaN;NaN;2024-03-29 09:00:00+00:00;NaN;NaN;NaN
2024-03-29;11;NaN;NaN;NaN;NaN;NaN;NaN;NaN;NaN;NaN;NaN;2024-03-29 10:00:00+00:00;NaN;NaN;NaN
2024-03-29;12;NaN;NaN;NaN;NaN;NaN;NaN;NaN;NaN;NaN;NaN;2024-03-29 11:00:00+00:00;NaN;NaN;NaN
2024-03-29;13;NaN;NaN;NaN;NaN;NaN;NaN;NaN;NaN;NaN;NaN;2024-03-29 12:00:00+00:00;NaN;NaN;NaN
2024-03-29;14;NaN;NaN;NaN;NaN;NaN;NaN;NaN;NaN;NaN;NaN;2024-03-29 13:00:00+00:00;NaN;NaN;NaN
2024-03-29;15;NaN;NaN;NaN;NaN;NaN;NaN;NaN;NaN;NaN;NaN;2024-03-29 14:00:00+00:00;NaN;NaN;NaN
2024-03-29;16;NaN;NaN;NaN;NaN;NaN;NaN;NaN;NaN;NaN;NaN;2024-03-29 15:00:00+00:00;NaN;NaN;NaN
2024-03-29;17;NaN;NaN;NaN;NaN;NaN;NaN;NaN;NaN;NaN;NaN;2024-03-29 16:00:00+00:00;NaN;NaN;NaN
2024-03-29;18;NaN;NaN;NaN;NaN;NaN;NaN;NaN;NaN;NaN;NaN;2024-03-29 17:00:00+00:00;NaN;NaN;NaN
2024-03-29;19;NaN;NaN;NaN;NaN;NaN;NaN;NaN;NaN;NaN;NaN;2024-03-29 18:00:00+00:00;NaN;NaN;NaN
2024-03-29;20;NaN;NaN;NaN;NaN;NaN;NaN;NaN;NaN;NaN;NaN;2024-03-29 19:00:00+00:00;NaN;NaN;NaN
2024-03-29;21;NaN;NaN;NaN;NaN;NaN;NaN;NaN;NaN;NaN;NaN;2024-03-29 20:00:00+00:00;NaN;NaN;NaN
2024-03-29;22;NaN;NaN;NaN;NaN;NaN;NaN;NaN;NaN;NaN;NaN;2024-03-29 21:00:00+00:00;NaN;NaN;NaN
2024-03-29;23;NaN;NaN;NaN;NaN;NaN;NaN;NaN;NaN;NaN;NaN;2024-03-29 22:00:00+00:00;NaN;NaN;NaN
2024-03-29;0;100.00;-1.35;-1.39;0.00;0.84;2024-03-29 00:00:00+01:00;3.00;127.00;0.00;127.00;2024-03-28 23:00:00+00:00;40.00;NaN;40.00
2024-03-29;1;100.00;0.40;-2.77;0.00;0.39;2024-03-29 01:00:00+01:00;3.00;92.00;2.00;90.00;2024-03-29 00:00:00+00:00;40.00;40.00;40.00
2024-03-29;2;100.00;0.40;-2.77;0.00;0.39;2024-03-29 02:00:00+01:00;3.00;69.00;0.00;69.00;2024-03-29 01:00:00+00:00;32.00;NaN;32.00
2024-03-29;3;100.00;0.40;-2.77;0.00;0.39;2024-03-29 03:00:00+01:00;3.00;49.00;0.00;49.00;2024-03-29 02:00:00+00:00;37.00;NaN;37.00
2024-03-29;4;100.00;0.40;-2.77;0.00;0.39;2024-03-29 04:00:00+01:00;3.00;51.00;0.00;51.00;2024-03-29 03:00:00+00:00;39.00;NaN;39.00
2024-03-29;5;100.00;0.40;-2.77;0.00;0.39;2024-03-29 05:00:00+01:00;3.00;47.00;0.00;47.00;2024-03-29 04:00:00+00:00;41.00;NaN;41.00
2024-03-29;6;100.00;0.40;-2.77;0.00;0.39;2024-03-29 06:00:00+01:00;3.00;41.00;0.00;41.00;2024-03-29 05:00:00+00:00;36.00;NaN;36.00
2024-03-29;7;100.00;0.40;-2.77;0.00;0.39;2024-03-29 07:00:00+01:00;3.00;36.00;1.00;35.00;2024-03-29 06:00:00+00:00;38.00;38.00;38.00
2024-03-29;8;100.00;0.40;-2.77;0.00;0.39;2024-03-29 08:00:00+01:00;3.00;52.00;0.00;52.00;2024-03-29 07:00:00+00:00;36.00;NaN;36.00
2024-03-29;9;100.00;0.40;-2.77;0.00;0.39;2024-03-29 09:00:00+01:00;3.00;98.00;0.00;98.00;2024-03-29 08:00:00+00:00;36.00;NaN;36.00
2024-03-29;10;100.00;0.40;-2.77;0.00;0.39;2024-03-29 10:00:00+01:00;3.00;103.00;1.00;102.00;2024-03-29 09:00:00+00:00;38.00;38.00;38.00
2024-03-29;11;100.00;0.40;-2.77;0.00;0.39;2024-03-29 11:00:00+01:00;3.00;135.00;1.00;134.00;2024-03-29 10:00:00+00:00;32.00;32.00;32.00
2024-03-29;12;100.00;0.40;-2.77;0.00;0.39;2024-03-29 12:00:00+01:00;3.00;144.00;1.00;143.00;2024-03-29 11:00:00+00:00;34.00;34.00;34.00
2024-03-29;13;100.00;0.40;-2.77;0.00;0.39;2024-03-29 13:00:00+01:00;3.00;198.00;3.00;195.00;2024-03-29 12:00:00+00:00;34.00;35.00;34.00
2024-03-29;14;100.00;0.40;-2.77;0.00;0.39;2024-03-29 14:00:00+01:00;3.00;184.00;3.00;181.00;2024-03-29 13:00:00+00:00;34.00;33.00;34.00
2024-03-29;15;100.00;0.40;-2.77;0.00;0.39;2024-03-29 15:00:00+01:00;3.00;170.00;0.00;170.00;2024-03-29 14:00:00+00:00;36.00;NaN;36.00
2024-03-29;16;100.00;0.40;-2.77;0.00;0.39;2024-03-29 16:00:00+01:00;3.00;175.00;3.00;172.00;2024-03-29 15:00:00+00:00;36.00;38.00;36.00
2024-03-29;17;100.00;0.40;-2.77;0.00;0.39;2024-03-29 17:00:00+01:00;3.00;236.00;3.00;233.00;2024-03-29 16:00:00+00:00;35.00;39.00;35.00
2024-03-29;18;100.00;0.40;-2.77;0.00;0.39;2024-03-29 18:00:00+01:00;3.00;227.00;0.00;227.00;2024-03-29 17:00:00+00:00;34.00;NaN;34.00
2024-03-29;19;100.00;0.40;-2.77;0.00;0.39;2024-03-29 19:00:00+01:00;3.00;183.00;0.00;183.00;2024-03-29 18:00:00+00:00;35.00;NaN;35.00
2024-03-29;20;100.00;0.40;-2.77;0.00;0.39;2024-03-29 20:00:00+01:00;3.00;194.00;1.00;193.00;2024-03-29 19:00:00+00:00;33.00;31.00;33.00
2024-03-29;21;100.00;0.40;-2.77;0.00;0.39;2024-03-29 21:00:00+01:00;3.00;175.00;0.00;175.00;2024-03-29 20:00:00+00:00;37.00;NaN;37.00
2024-03-29;22;100.00;0.40;-2.77;0.00;0.39;2024-03-29 22:00:00+01:00;3.00;158.00;0.00;158.00;2024-03-29 21:00:00+00:00;40.00;NaN;40.00
2024-03-29;23;100.00;0.40;-2.77;0.00;0.39;2024-03-29 23:00:00+01:00;3.00;159.00;1.00;158.00;2024-03-29 22:00:00+00:00;35.00;35.00;35.00
2024-03-30;0;NaN;NaN;NaN;NaN;NaN;NaN;NaN;NaN;NaN;NaN;2024-03-29 23:00:00+00:00;NaN;NaN;NaN
2024-03-30;1;NaN;NaN;NaN;NaN;NaN;NaN;NaN;NaN;NaN;NaN;2024-03-30 00:00:00+00:00;NaN;NaN;NaN
2024-03-30;2;NaN;NaN;NaN;NaN;NaN;NaN;NaN;NaN;NaN;NaN;2024-03-30 01:00:00+00:00;NaN;NaN;NaN
2024-03-30;3;NaN;NaN;NaN;NaN;NaN;NaN;NaN;NaN;NaN;NaN;2024-03-30 02:00:00+00:00;NaN;NaN;NaN
2024-03-30;4;NaN;NaN;NaN;NaN;NaN;NaN;NaN;NaN;NaN;NaN;2024-03-30 03:00:00+00:00;NaN;NaN;NaN
2024-03-30;5;NaN;NaN;NaN;NaN;NaN;NaN;NaN;NaN;NaN;NaN;2024-03-30 04:00:00+00:00;NaN;NaN;NaN
2024-03-30;6;NaN;NaN;NaN;NaN;NaN;NaN;NaN;NaN;NaN;NaN;2024-03-30 05:00:00+00:00;NaN;NaN;NaN
2024-03-30;7;NaN;NaN;NaN;NaN;NaN;NaN;NaN;NaN;NaN;NaN;2024-03-30 06:00:00+00:00;NaN;NaN;NaN
2024-03-30;8;NaN;NaN;NaN;NaN;NaN;NaN;NaN;NaN;NaN;NaN;2024-03-30 07:00:00+00:00;NaN;NaN;NaN
2024-03-30;9;NaN;NaN;NaN;NaN;NaN;NaN;NaN;NaN;NaN;NaN;2024-03-30 08:00:00+00:00;NaN;NaN;NaN
2024-03-30;10;NaN;NaN;NaN;NaN;NaN;NaN;NaN;NaN;NaN;NaN;2024-03-30 09:00:00+00:00;NaN;NaN;NaN
2024-03-30;11;NaN;NaN;NaN;NaN;NaN;NaN;NaN;NaN;NaN;NaN;2024-03-30 10:00:00+00:00;NaN;NaN;NaN
2024-03-30;12;NaN;NaN;NaN;NaN;NaN;NaN;NaN;NaN;NaN;NaN;2024-03-30 11:00:00+00:00;NaN;NaN;NaN
2024-03-30;13;NaN;NaN;NaN;NaN;NaN;NaN;NaN;NaN;NaN;NaN;2024-03-30 12:00:00+00:00;NaN;NaN;NaN
2024-03-30;14;NaN;NaN;NaN;NaN;NaN;NaN;NaN;NaN;NaN;NaN;2024-03-30 13:00:00+00:00;NaN;NaN;NaN
2024-03-30;15;NaN;NaN;NaN;NaN;NaN;NaN;NaN;NaN;NaN;NaN;2024-03-30 14:00:00+00:00;NaN;NaN;NaN
2024-03-30;16;NaN;NaN;NaN;NaN;NaN;NaN;NaN;NaN;NaN;NaN;2024-03-30 15:00:00+00:00;NaN;NaN;NaN
2024-03-30;17;NaN;NaN;NaN;NaN;NaN;NaN;NaN;NaN;NaN;NaN;2024-03-30 16:00:00+00:00;NaN;NaN;NaN
2024-03-30;18;NaN;NaN;NaN;NaN;NaN;NaN;NaN;NaN;NaN;NaN;2024-03-30 17:00:00+00:00;NaN;NaN;NaN
2024-03-30;19;NaN;NaN;NaN;NaN;NaN;NaN;NaN;NaN;NaN;NaN;2024-03-30 18:00:00+00:00;NaN;NaN;NaN
2024-03-30;20;NaN;NaN;NaN;NaN;NaN;NaN;NaN;NaN;NaN;NaN;2024-03-30 19:00:00+00:00;NaN;NaN;NaN
2024-03-30;21;NaN;NaN;NaN;NaN;NaN;NaN;NaN;NaN;NaN;NaN;2024-03-30 20:00:00+00:00;NaN;NaN;NaN
2024-03-30;22;NaN;NaN;NaN;NaN;NaN;NaN;NaN;NaN;NaN;NaN;2024-03-30 21:00:00+00:00;NaN;NaN;NaN
2024-03-30;23;NaN;NaN;NaN;NaN;NaN;NaN;NaN;NaN;NaN;NaN;2024-03-30 22:00:00+00:00;NaN;NaN;NaN
2024-03-30;0;100.00;0.40;-2.77;0.00;0.39;2024-03-30 00:00:00+01:00;3.00;140.00;0.00;140.00;2024-03-29 23:00:00+00:00;36.00;NaN;36.00
2024-03-30;1;100.00;-0.51;-1.39;0.00;0.78;2024-03-30 01:00:00+01:00;3.00;94.00;0.00;94.00;2024-03-30 00:00:00+00:00;33.00;NaN;33.00
2024-03-30;2;100.00;-0.51;-1.39;0.00;0.78;2024-03-30 02:00:00+01:00;3.00;81.00;0.00;81.00;2024-03-30 01:00:00+00:00;30.00;NaN;30.00
2024-03-30;3;100.00;-0.51;-1.39;0.00;0.78;2024-03-30 03:00:00+01:00;3.00;59.00;0.00;59.00;2024-03-30 02:00:00+00:00;32.00;NaN;32.00
2024-03-30;4;100.00;-0.51;-1.39;0.00;0.78;2024-03-30 04:00:00+01:00;3.00;47.00;0.00;47.00;2024-03-30 03:00:00+00:00;31.00;NaN;31.00
2024-03-30;5;100.00;-0.51;-1.39;0.00;0.78;2024-03-30 05:00:00+01:00;3.00;54.00;3.00;51.00;2024-03-30 04:00:00+00:00;32.00;32.00;32.00
2024-03-30;6;100.00;-0.51;-1.39;0.00;0.78;2024-03-30 06:00:00+01:00;3.00;65.00;2.00;63.00;2024-03-30 05:00:00+00:00;35.00;34.00;35.00
2024-03-30;7;100.00;-0.51;-1.39;0.00;0.78;2024-03-30 07:00:00+01:00;3.00;73.00;1.00;72.00;2024-03-30 06:00:00+00:00;32.00;33.00;32.00
2024-03-30;8;100.00;-0.51;-1.39;0.00;0.78;2024-03-30 08:00:00+01:00;3.00;91.00;3.00;88.00;2024-03-30 07:00:00+00:00;37.00;36.00;37.00
2024-03-30;9;100.00;-0.51;-1.39;0.00;0.78;2024-03-30 09:00:00+01:00;3.00;151.00;2.00;149.00;2024-03-30 08:00:00+00:00;33.00;33.00;33.00
2024-03-30;10;100.00;-0.51;-1.39;0.00;0.78;2024-03-30 10:00:00+01:00;3.00;200.00;4.00;196.00;2024-03-30 09:00:00+00:00;31.00;32.00;31.00
2024-03-30;11;17.00;-0.51;-1.39;0.00;0.78;2024-03-30 11:00:00+01:00;3.00;228.00;0.00;228.00;2024-03-30 10:00:00+00:00;30.00;NaN;30.00
2024-03-31;0;NaN;NaN;NaN;NaN;NaN;NaN;NaN;NaN;NaN;NaN;2024-03-30 23:00:00+00:00;NaN;NaN;NaN
2024-03-31;1;NaN;NaN;NaN;NaN;NaN;NaN;NaN;NaN;NaN;NaN;2024-03-31 00:00:00+00:00;NaN;NaN;NaN
2024-03-31;2;NaN;NaN;NaN;NaN;NaN;NaN;NaN;NaN;NaN;NaN;2024-03-31 01:00:00+00:00;NaN;NaN;NaN
2024-03-31;3;NaN;NaN;NaN;NaN;NaN;NaN;NaN;NaN;NaN;NaN;2024-03-31 01:00:00+00:00;NaN;NaN;NaN
2024-03-31;4;NaN;NaN;NaN;NaN;NaN;NaN;NaN;NaN;NaN;NaN;2024-03-31 02:00:00+00:00;NaN;NaN;NaN
2024-03-31;5;NaN;NaN;NaN;NaN;NaN;NaN;NaN;NaN;NaN;NaN;2024-03-31 03:00:00+00:00;NaN;NaN;NaN
2024-03-31;6;NaN;NaN;NaN;NaN;NaN;NaN;NaN;NaN;NaN;NaN;2024-03-31 04:00:00+00:00;NaN;NaN;NaN
2024-03-31;7;NaN;NaN;NaN;NaN;NaN;NaN;NaN;NaN;NaN;NaN;2024-03-31 05:00:00+00:00;NaN;NaN;NaN
2024-03-31;8;NaN;NaN;NaN;NaN;NaN;NaN;NaN;NaN;NaN;NaN;2024-03-31 06:00:00+00:00;NaN;NaN;NaN
2024-03-31;9;NaN;NaN;NaN;NaN;NaN;NaN;NaN;NaN;NaN;NaN;2024-03-31 07:00:00+00:00;NaN;NaN;NaN
2024-03-31;10;NaN;NaN;NaN;NaN;NaN;NaN;NaN;NaN;NaN;NaN;2024-03-31 08:00:00+00:00;NaN;NaN;NaN
2024-03-31;11;NaN;NaN;NaN;NaN;NaN;NaN;NaN;NaN;NaN;NaN;2024-03-31 09:00:00+00:00;NaN;NaN;NaN
2024-03-31;12;NaN;NaN;NaN;NaN;NaN;NaN;NaN;NaN;NaN;NaN;2024-03-31 10:00:00+00:00;NaN;NaN;NaN
2024-03-31;13;NaN;NaN;NaN;NaN;NaN;NaN;NaN;NaN;NaN;NaN;2024-03-31 11:00:00+00:00;NaN;NaN;NaN
2024-03-31;14;NaN;NaN;NaN;NaN;NaN;NaN;NaN;NaN;NaN;NaN;2024-03-31 12:00:00+00:00;NaN;NaN;NaN
2024-03-31;15;NaN;NaN;NaN;NaN;NaN;NaN;NaN;NaN;NaN;NaN;2024-03-31 13:00:00+00:00;NaN;NaN;NaN
2024-03-31;16;NaN;NaN;NaN;NaN;NaN;NaN;NaN;NaN;NaN;NaN;2024-03-31 14:00:00+00:00;NaN;NaN;NaN
2024-03-31;17;NaN;NaN;NaN;NaN;NaN;NaN;NaN;NaN;NaN;NaN;2024-03-31 15:00:00+00:00;NaN;NaN;NaN
2024-03-31;18;NaN;NaN;NaN;NaN;NaN;NaN;NaN;NaN;NaN;NaN;2024-03-31 16:00:00+00:00;NaN;NaN;NaN
2024-03-31;19;NaN;NaN;NaN;NaN;NaN;NaN;NaN;NaN;NaN;NaN;2024-03-31 17:00:00+00:00;NaN;NaN;NaN
2024-03-31;20;NaN;NaN;NaN;NaN;NaN;NaN;NaN;NaN;NaN;NaN;2024-03-31 18:00:00+00:00;NaN;NaN;NaN
2024-03-31;21;NaN;NaN;NaN;NaN;NaN;NaN;NaN;NaN;NaN;NaN;2024-03-31 19:00:00+00:00;NaN;NaN;NaN
2024-03-31;22;NaN;NaN;NaN;NaN;NaN;NaN;NaN;NaN;NaN;NaN;2024-03-31 20:00:00+00:00;NaN;NaN;NaN
2024-03-31;23;NaN;NaN;NaN;NaN;NaN;NaN;NaN;NaN;NaN;NaN;2024-03-31 21:00:00+00:00;NaN;NaN;NaN
2024-03-31;0;58.00;-0.51;-1.39;0.00;0.78;2024-03-31 00:00:00+01:00;3.00;123.00;2.00;122.00;2024-03-30 23:00:00+00:00;38.00;41.00;38.00
2024-03-31;1;100.00;-1.51;0.00;0.00;0.66;2024-03-31 01:00:00+01:00;3.00;95.00;0.00;95.00;2024-03-31 00:00:00+00:00;29.00;NaN;29.00
2024-03-31;3;100.00;-1.51;0.00;0.00;0.66;2024-03-31 03:00:00+02:00;3.00;89.00;0.00;89.00;2024-03-31 01:00:00+00:00;30.00;NaN;30.00
2024-03-31;5;100.00;-1.51;0.00;0.00;0.66;2024-03-31 05:00:00+02:00;3.00;63.00;0.00;63.00;2024-03-31 03:00:00+00:00;40.00;NaN;40.00
2024-03-31;6;100.00;-1.51;0.00;0.00;0.66;2024-03-31 06:00:00+02:00;3.00;51.00;0.00;51.00;2024-03-31 04:00:00+00:00;37.00;NaN;37.00
2024-03-31;7;100.00;-1.51;0.00;0.00;0.66;2024-03-31 07:00:00+02:00;3.00;43.00;2.00;41.00;2024-03-31 05:00:00+00:00;36.00;36.00;36.00
2024-03-31;8;100.00;-1.51;0.00;0.00;0.66;2024-03-31 08:00:00+02:00;3.00;43.00;0.00;43.00;2024-03-31 06:00:00+00:00;39.00;NaN;39.00
2024-03-31;9;100.00;-1.51;0.00;0.00;0.66;2024-03-31 09:00:00+02:00;3.00;74.00;0.00;74.00;2024-03-31 07:00:00+00:00;35.00;NaN;35.00
2024-03-31;10;100.00;-1.51;0.00;0.00;0.66;2024-03-31 10:00:00+02:00;3.00;106.00;1.00;105.00;2024-03-31 08:00:00+00:00;34.00;31.00;34.00
2024-03-31;11;33.00;-1.51;0.00;0.00;0.66;2024-03-31 11:00:00+02:00;3.00;153.00;0.00;153.00;2024-03-31 09:00:00+00:00;26.00;NaN;26.00
2024-03-31;22;83.00;-1.51;0.00;0.00;0.66;2024-03-31 22:00:00+02:00;3.00;174.00;0.00;174.00;2024-03-31 20:00:00+00:00;33.00;NaN;33.00
2024-03-31;23;100.00;-1.51;0.00;0.00;0.66;2024-03-31 23:00:00+02:00;3.00;148.00;3.00;145.00;2024-03-31 21:00:00+00:00;33.00;33.00;33.00
