Datum (Ortszeit);Stunde des Tages (Ortszeit);Vollständigkeit;ZScore_Det0;ZScore_Det1;ZScore_Det2;hist_cor;localTime;month;qkfz;qlkw;qpkw;utc;vkfz;vlkw;vpkw
2024-11-01;0;NaN;NaN;NaN;NaN;NaN;NaN;NaN;NaN;NaN;NaN;2024-10-31 23:00:00+00:00;NaN;NaN;NaN
2024-11-01;1;NaN;NaN;NaN;NaN;NaN;NaN;NaN;NaN;NaN;NaN;2024-11-01 00:00:00+00:00;NaN;NaN;NaN
2024-11-01;2;NaN;NaN;NaN;NaN;NaN;NaN;NaN;NaN;NaN;NaN;2024-11-01 01:00:00+00:00;NaN;NaN;NaN
2024-11-01;3;NaN;NaN;NaN;NaN;NaN;NaN;NaN;NaN;NaN;NaN;2024-11-01 02:00:00+00:00;NaN;NaN;NaN
2024-11-01;4;NaN;NaN;NaN;NaN;NaN;NaN;NaN;NaN;NaN;NaN;2024-11-01 03:00:00+00:00;NaN;NaN;NaN
2024-11-01;5;NaN;NaN;NaN;NaN;NaN;NaN;NaN;NaN;NaN;NaN;2024-11-01 04:00:00+00:00;NaN;NaN;NaN
2024-11-01;6;NaN;NaN;NaN;NaN;NaN;NaN;NaN;NaN;NaN;NaN;2024-11-01 05:00:00+00:00;NaN;NaN;NaN
2024-11-01;7;NaN;NaN;NaN;NaN;NaN;NaN;NaN;NaN;NaN;NaN;2024-11-01 06:00:00+00:00;NaN;NaN;NaN
2024-11-01;8;NaN;NaN;NaN;NaN;NaN;NaN;NaN;NaN;NaN;NaN;2024-11-01 07:00:00+00:00;NaN;NaN;NaN
2024-11-01;9;NaN;NaN;NaN;NaN;NaN;NaN;NaN;NaN;NaN;NaN;2024-11-01 08:00:00+00:00;NaN;NaN;NaN
2024-11-01;10;NaN;NaN;NaN;NaN;NaN;NaN;NaN;NaN;NaN;NaN;2024-11-01 09:00:00+00:00;NaN;NaN;NaN
2024-11-01;11;NaN;NaN;NaN;NaN;NaN;NaN;NaN;NaN;NaN;NaN;2024-11-01 10:00:00+00:00;NaN;NaN;NaN
2024-11-01;12;NaN;NaN;NaN;NaN;NaN;NaN;NaN;NaN;NaN;NaN;2024-11-01 11:00:00+00:00;NaN;NaN;NaN
2024-11-01;13;NaN;NaN;NaN;NaN;NaN;NaN;NaN;NaN;NaN;NaN;2024-11-01 12:00:00+00:00;NaN;NaN;NaN
2024-11-01;14;NaN;NaN;NaN;NaN;NaN;NaN;NaN;NaN;NaN;NaN;2024-11-01 13:00:00+00:00;NaN;NaN;NaN
2024-11-01;15;NaN;NaN;NaN;NaN;NaN;NaN;NaN;NaN;NaN;NaN;2024-11-01 14:00:00+00:00;NaN;NaN;NaN
2024-11-01;16;NaN;NaN;NaN;NaN;NaN;NaN;NaN;NaN;NaN;NaN;2024-11-01 15:00:00+00:00;NaN;NaN;NaN
2024-11-01;17;NaN;NaN;NaN;NaN;NaN;NaN;NaN;NaN;NaN;NaN;2024-11-01 16:00:00+00:00;NaN;NaN;NaN
2024-11-01;18;NaN;NaN;NaN;NaN;NaN;NaN;NaN;NaN;NaN;NaN;2024-11-01 17:00:00+00:00;NaN;NaN;NaN
2024-11-01;19;NaN;NaN;NaN;NaN;NaN;NaN;NaN;NaN;NaN;NaN;2024-11-01 18:00:00+00:00;NaN;NaN;NaN
2024-11-01;20;NaN;NaN;NaN;NaN;NaN;NaN;NaN;NaN;NaN;NaN;2024-11-01 19:00:00+00:00;NaN;NaN;NaN
2024-11-01;21;NaN;NaN;NaN;NaN;NaN;NaN;NaN;NaN;NaN;NaN;2024-11-01 20:00:00+00:00;NaN;NaN;NaN
2024-11-01;22;NaN;NaN;NaN;NaN;NaN;NaN;NaN;NaN;NaN;NaN;2024-11-01 21:00:00+00:00;NaN;NaN;NaN
2024-11-01;23;NaN;NaN;NaN;NaN;NaN;NaN;NaN;NaN;NaN;NaN;2024-11-01 22:00:00+00:00;NaN;NaN;NaN
2024-11-01;0;100.00;0.27;0.00;0.00;0.92;2024-11-01 00:00:00+01:00;10.00;89.00;1.00;88.00;2024-10-31 23:00:00+00:00;62.00;63.00;62.00
2024-11-01;1;83.00;0.25;0.00;0.00;0.92;2024-11-01 01:00:00+01:00;11.00;62.00;0.00;62.00;2024-11-01 00:00:00+00:00;56.00;NaN;56.00
2024-11-01;2;100.00;0.25;0.00;0.00;0.92;2024-11-01 02:00:00+01:00;11.00;39.00;6.00;33.00;2024-11-01 01:00:00+00:00;61.00;64.00;61.00
2024-11-01;3;100.00;0.25;0.00;0.00;0.92;2024-11-01 03:00:00+01:00;11.00;46.00;9.00;37.00;2024-11-01 02:00:00+00:00;65.00;62.00;66.00
2024-11-01;4;92.00;0.25;0.00;0.00;0.92;2024-11-01 04:00:00+01:00;11.00;55.00;11.00;44.00;2024-11-01 03:00:00+00:00;59.00;58.00;59.00
2024-11-01;5;100.00;0.25;0.00;0.00;0.92;2024-11-01 05:00:00+01:00;11.00;85.00;10.00;75.00;2024-11-01 04:00:00+00:00;61.00;64.00;61.00
2024-11-01;6;92.00;0.25;0.00;0.00;0.92;2024-11-01 06:00:00+01:00;11.00;177.00;19.00;158.00;2024-11-01 05:00:00+00:00;49.00;48.00;49.00
2024-11-01;7;100.00;0.25;0.00;0.00;0.92;2024-11-01 07:00:00+01:00;11.00;289.00;24.00;265.00;2024-11-01 06:00:00+00:00;46.00;46.00;46.00
2024-11-01;8;92.00;0.25;0.00;0.00;0.92;2024-11-01 08:00:00+01:00;11.00;296.00;22.00;274.00;2024-11-01 07:00:00+00:00;45.00;45.00;45.00
2024-11-01;9;100.00;0.25;0.00;0.00;0.92;2024-11-01 09:00:00+01:00;11.00;388.00;26.00;362.00;2024-11-01 08:00:00+00:00;44.00;43.00;44.00
2024-11-01;10;100.00;0.25;0.00;0.00;0.92;2024-11-01 10:00:00+01:00;11.00;483.00;24.00;459.00;2024-11-01 09:00:00+00:00;43.00;43.00;43.00
2024-11-01;11;100.00;0.25;0.00;0.00;0.92;2024-11-01 11:00:00+01:00;11.00;479.00;24.00;455.00;2024-11-01 10:00:00+00:00;43.00;44.00;43.00
2024-11-01;12;100.00;0.25;0.00;0.00;0.92;2024-11-01 12:00:00+01:00;11.00;537.00;27.00;510.00;2024-11-01 11:00:00+00:00;41.00;40.00;41.00
2024-11-01;13;100.00;0.25;0.00;0.00;0.92;2024-11-01 13:00:00+01:00;11.00;532.00;18.00;514.00;2024-11-01 12:00:00+00:00;44.00;44.00;44.00
2024-11-01;14;92.00;0.25;0.00;0.00;0.92;2024-11-01 14:00:00+01:00;11.00;532.00;12.00;520.00;2024-11-01 13:00:00+00:00;39.00;38.00;39.00
2024-11-01;15;83.00;0.25;0.00;0.00;0.92;2024-11-01 15:00:00+01:00;11.00;571.00;8.00;563.00;2024-11-01 14:00:00+00:00;40.00;44.00;40.00
2024-11-01;16;92.00;0.25;0.00;0.00;0.92;2024-11-01 16:00:00+01:00;11.00;545.00;10.00;536.00;2024-11-01 15:00:00+00:00;44.00;42.00;44.00
2024-11-01;17;92.00;0.25;0.00;0.00;0.92;2024-11-01 17:00:00+01:00;11.00;521.00;13.00;508.00;2024-11-01 16:00:00+00:00;45.00;46.00;45.00
2024-11-01;18;100.00;0.25;0.00;0.00;0.92;2024-11-01 18:00:00+01:00;11.00;464.00;16.00;448.00;2024-11-01 17:00:00+00:00;50.00;46.00;50.00
2024-11-01;19;100.00;0.25;0.00;0.00;0.92;2024-11-01 19:00:00+01:00;11.00;378.00;9.00;369.00;2024-11-01 18:00:00+00:00;55.00;54.00;55.00
2024-11-01;20;100.00;0.25;0.00;0.00;0.92;2024-11-01 20:00:00+01:00;11.00;358.00;6.00;352.00;2024-11-01 19:00:00+00:00;54.00;54.00;54.00
2024-11-01;21;100.00;0.25;0.00;0.00;0.92;2024-11-01 21:00:00+01:00;11.00;241.00;4.00;237.00;2024-11-01 20:00:00+00:00;56.00;58.00;56.00
2024-11-01;22;100.00;0.25;0.00;0.00;0.92;2024-11-01 22:00:00+01:00;11.00;256.00;3.00;253.00;2024-11-01 21:00:00+00:00;58.00;57.00;58.00
2024-11-01;23;100.00;0.25;0.00;0.00;0.92;2024-11-01 23:00:00+01:00;11.00;210.00;5.00;205.00;2024-11-01 22:00:00+00:00;57.00;57.00;57.00
2024-11-02;0;NaN;NaN;NaN;NaN;NaN;NaN;NaN;NaN;NaN;NaN;2024-11-01 23:00:00+00:00;NaN;NaN;NaN
2024-11-02;1;NaN;NaN;NaN;NaN;NaN;NaN;NaN;NaN;NaN;NaN;2024-11-02 00:00:00+00:00;NaN;NaN;NaN
2024-11-02;2;NaN;NaN;NaN;NaN;NaN;NaN;NaN;NaN;NaN;NaN;2024-11-02 01:00:00+00:00;NaN;NaN;NaN
2024-11-02;3;NaN;NaN;NaN;NaN;NaN;NaN;NaN;NaN;NaN;NaN;2024-11-02 02:00:00+00:00;NaN;NaN;NaN
2024-11-02;4;NaN;NaN;NaN;NaN;NaN;NaN;NaN;NaN;NaN;NaN;2024-11-02 03:00:00+00:00;NaN;NaN;NaN
2024-11-02;5;NaN;NaN;NaN;NaN;NaN;NaN;NaN;NaN;NaN;NaN;2024-11-02 04:00:00+00:00;NaN;NaN;NaN
2024-11-02;6;NaN;NaN;NaN;NaN;NaN;NaN;NaN;NaN;NaN;NaN;2024-11-02 05:00:00+00:00;NaN;NaN;NaN
2024-11-02;7;NaN;NaN;NaN;NaN;NaN;NaN;NaN;NaN;NaN;NaN;2024-11-02 06:00:00+00:00;NaN;NaN;NaN
2024-11-02;8;NaN;NaN;NaN;NaN;NaN;NaN;NaN;NaN;NaN;NaN;2024-11-02 07:00:00+00:00;NaN;NaN;NaN
2024-11-02;9;NaN;NaN;NaN;NaN;NaN;NaN;NaN;NaN;NaN;NaN;2024-11-02 08:00:00+00:00;NaN;NaN;NaN
2024-11-02;10;NaN;NaN;NaN;NaN;NaN;NaN;NaN;NaN;NaN;NaN;2024-11-02 09:00:00+00:00;NaN;NaN;NaN
2024-11-02;11;NaN;NaN;NaN;NaN;NaN;NaN;NaN;NaN;NaN;NaN;2024-11-02 10:00:00+00:00;NaN;NaN;NaN
2024-11-02;12;NaN;NaN;NaN;NaN;NaN;NaN;NaN;NaN;NaN;NaN;2024-11-02 11:00:00+00:00;NaN;NaN;NaN
2024-11-02;13;NaN;NaN;NaN;NaN;NaN;NaN;NaN;NaN;NaN;NaN;2024-11-02 12:00:00+00:00;NaN;NaN;NaN
2024-11-02;14;NaN;NaN;NaN;NaN;NaN;NaN;NaN;NaN;NaN;NaN;2024-11-02 13:00:00+00:00;NaN;NaN;NaN
2024-11-02;15;NaN;NaN;NaN;NaN;NaN;NaN;NaN;NaN;NaN;NaN;2024-11-02 14:00:00+00:00;NaN;NaN;NaN
2024-11-02;16;NaN;NaN;NaN;NaN;NaN;NaN;NaN;NaN;NaN;NaN;2024-11-02 15:00:00+00:00;NaN;NaN;NaN
2024-11-02;17;NaN;NaN;NaN;NaN;NaN;NaN;NaN;NaN;NaN;NaN;2024-11-02 16:00:00+00:00;NaN;NaN;NaN
2024-11-02;18;NaN;NaN;NaN;NaN;NaN;NaN;NaN;NaN;NaN;NaN;2024-11-02 17:00:00+00:00;NaN;NaN;NaN
2024-11-02;19;NaN;NaN;NaN;NaN;NaN;NaN;NaN;NaN;NaN;NaN;2024-11-02 18:00:00+00:00;NaN;NaN;NaN
2024-11-02;20;NaN;NaN;NaN;NaN;NaN;NaN;NaN;NaN;NaN;NaN;2024-11-02 19:00:00+00:00;NaN;NaN;NaN
2024-11-02;21;NaN;NaN;NaN;NaN;NaN;NaN;NaN;NaN;NaN;NaN;2024-11-02 20:00:00+00:00;NaN;NaN;NaN
2024-11-02;22;NaN;NaN;NaN;NaN;NaN;NaN;NaN;NaN;NaN;NaN;2024-11-02 21:00:00+00:00;NaN;NaN;NaN
2024-11-02;23;NaN;NaN;NaN;NaN;NaN;NaN;NaN;NaN;NaN;NaN;2024-11-02 22:00:00+00:00;NaN;NaN;NaN
2024-11-02;0;100.00;0.25;0.00;0.00;0.92;2024-11-02 00:00:00+01:00;11.00;129.00;4.00;125.00;2024-11-01 23:00:00+00:00;57.00;57.00;57.00
2024-11-02;1;100.00;-0.34;0.00;0.00;0.93;2024-11-02 01:00:00+01:00;11.00;111.00;2.00;109.00;2024-11-02 00:00:00+00:00;56.00;60.00;56.00
2024-11-02;2;92.00;-0.34;0.00;0.00;0.93;2024-11-02 02:00:00+01:00;11.00;63.00;2.00;61.00;2024-11-02 01:00:00+00:00;58.00;53.00;59.00
2024-11-02;3;100.00;-0.34;0.00;0.00;0.93;2024-11-02 03:00:00+01:00;11.00;60.00;4.00;56.00;2024-11-02 02:00:00+00:00;59.00;61.00;59.00
2024-11-02;4;100.00;-0.34;0.00;0.00;0.93;2024-11-02 04:00:00+01:00;11.00;54.00;7.00;47.00;2024-11-02 03:00:00+00:00;58.00;59.00;57.00
2024-11-02;5;100.00;-0.34;0.00;0.00;0.93;2024-11-02 05:00:00+01:00;11.00;49.00;4.00;45.00;2024-11-02 04:00:00+00:00;57.00;57.00;57.00
2024-11-02;6;100.00;-0.34;0.00;0.00;0.93;2024-11-02 06:00:00+01:00;11.00;72.00;5.00;67.00;2024-11-02 05:00:00+00:00;51.00;52.00;51.00
2024-11-02;7;100.00;-0.34;0.00;0.00;0.93;2024-11-02 07:00:00+01:00;11.00;89.00;4.00;85.00;2024-11-02 06:00:00+00:00;48.00;47.00;48.00
2024-11-02;8;100.00;-0.34;0.00;0.00;0.93;2024-11-02 08:00:00+01:00;11.00;179.00;6.00;173.00;2024-11-02 07:00:00+00:00;49.00;46.00;49.00
2024-11-02;9;100.00;-0.34;0.00;0.00;0.93;2024-11-02 09:00:00+01:00;11.00;303.00;12.00;291.00;2024-11-02 08:00:00+00:00;51.00;51.00;51.00
2024-11-02;10;100.00;-0.34;0.00;0.00;0.93;2024-11-02 10:00:00+01:00;11.00;373.00;10.00;363.00;2024-11-02 09:00:00+00:00;49.00;48.00;49.00
2024-11-02;11;92.00;-0.34;0.00;0.00;0.93;2024-11-02 11:00:00+01:00;11.00;411.00;8.00;404.00;2024-11-02 10:00:00+00:00;49.00;50.00;49.00
2024-11-02;12;92.00;-0.34;0.00;0.00;0.93;2024-11-02 12:00:00+01:00;11.00;554.00;22.00;532.00;2024-11-02 11:00:00+00:00;47.00;46.00;47.00
2024-11-02;13;100.00;-0.34;0.00;0.00;0.93;2024-11-02 13:00:00+01:00;11.00;558.00;14.00;544.00;2024-11-02 12:00:00+00:00;47.00;46.00;47.00
2024-11-02;14;100.00;-0.34;0.00;0.00;0.93;2024-11-02 14:00:00+01:00;11.00;531.00;9.00;522.00;2024-11-02 13:00:00+00:00;47.00;48.00;47.00
2024-11-02;15;100.00;-0.34;0.00;0.00;0.93;2024-11-02 15:00:00+01:00;11.00;511.00;9.00;502.00;2024-11-02 14:00:00+00:00;46.00;46.00;46.00
2024-11-02;16;100.00;-0.34;0.00;0.00;0.93;2024-11-02 16:00:00+01:00;11.00;515.00;8.00;507.00;2024-11-02 15:00:00+00:00;45.00;46.00;45.00
2024-11-02;17;100.00;-0.34;0.00;0.00;0.93;2024-11-02 17:00:00+01:00;11.00;465.00;8.00;457.00;2024-11-02 16:00:00+00:00;45.00;46.00;45.00
2024-11-02;18;100.00;-0.34;0.00;0.00;0.93;2024-11-02 18:00:00+01:00;11.00;438.00;7.00;431.00;2024-11-02 17:00:00+00:00;45.00;48.00;45.00
2024-11-02;19;100.00;-0.34;0.00;0.00;0.93;2024-11-02 19:00:00+01:00;11.00;365.00;11.00;354.00;2024-11-02 18:00:00+00:00;45.00;46.00;45.00
2024-11-02;20;100.00;-0.34;0.00;0.00;0.93;2024-11-02 20:00:00+01:00;11.00;330.00;7.00;323.00;2024-11-02 19:00:00+00:00;47.00;47.00;47.00
2024-11-02;21;100.00;-0.34;0.00;0.00;0.93;2024-11-02 21:00:00+01:00;11.00;258.00;6.00;252.00;2024-11-02 20:00:00+00:00;50.00;50.00;50.00
2024-11-02;22;92.00;-0.34;0.00;0.00;0.93;2024-11-02 22:00:00+01:00;11.00;238.00;7.00;231.00;2024-11-02 21:00:00+00:00;52.00;54.00;52.00
2024-11-02;23;83.00;-0.34;0.00;0.00;0.93;2024-11-02 23:00:00+01:00;11.00;258.00;6.00;252.00;2024-11-02 22:00:00+00:00;53.00;52.00;53.00
2024-11-03;0;NaN;NaN;NaN;NaN;NaN;NaN;NaN;NaN;NaN;NaN;2024-11-02 23:00:00+00:00;NaN;NaN;NaN
2024-11-03;1;NaN;NaN;NaN;NaN;NaN;NaN;NaN;NaN;NaN;NaN;2024-11-03 00:00:00+00:00;NaN;NaN;NaN
2024-11-03;2;NaN;NaN;NaN;NaN;NaN;NaN;NaN;NaN;NaN;NaN;2024-11-03 01:00:00+00:00;NaN;NaN;NaN
2024-11-03;3;NaN;NaN;NaN;NaN;NaN;NaN;NaN;NaN;NaN;NaN;2024-11-03 02:00:00+00:00;NaN;NaN;NaN
2024-11-03;4;NaN;NaN;NaN;NaN;NaN;NaN;NaN;NaN;NaN;NaN;2024-11-03 03:00:00+00:00;NaN;NaN;NaN
2024-11-03;5;NaN;NaN;NaN;NaN;NaN;NaN;NaN;NaN;NaN;NaN;2024-11-03 04:00:00+00:00;NaN;NaN;NaN
2024-11-03;6;NaN;NaN;NaN;NaN;NaN;NaN;NaN;NaN;NaN;NaN;2024-11-03 05:00:00+00:00;NaN;NaN;NaN
2024-11-03;7;NaN;NaN;NaN;NaN;NaN;NaN;NaN;NaN;NaN;NaN;2024-11-03 06:00:00+00:00;NaN;NaN;NaN
2024-11-03;8;NaN;NaN;NaN;NaN;NaN;NaN;NaN;NaN;NaN;NaN;2024-11-03 07:00:00+00:00;NaN;NaN;NaN
2024-11-03;9;NaN;NaN;NaN;NaN;NaN;NaN;NaN;NaN;NaN;NaN;2024-11-03 08:00:00+00:00;NaN;NaN;NaN
2024-11-03;10;NaN;NaN;NaN;NaN;NaN;NaN;NaN;NaN;NaN;NaN;2024-11-03 09:00:00+00:00;NaN;NaN;NaN
2024-11-03;11;NaN;NaN;NaN;NaN;NaN;NaN;NaN;NaN;NaN;NaN;2024-11-03 10:00:00+00:00;NaN;NaN;NaN
2024-11-03;12;NaN;NaN;NaN;NaN;NaN;NaN;NaN;NaN;NaN;NaN;2024-11-03 11:00:00+00:00;NaN;NaN;NaN
2024-11-03;13;NaN;NaN;NaN;NaN;NaN;NaN;NaN;NaN;NaN;NaN;2024-11-03 12:00:00+00:00;NaN;NaN;NaN
2024-11-03;14;NaN;NaN;NaN;NaN;NaN;NaN;NaN;NaN;NaN;NaN;2024-11-03 13:00:00+00:00;NaN;NaN;NaN
2024-11-03;15;NaN;NaN;NaN;NaN;NaN;NaN;NaN;NaN;NaN;NaN;2024-11-03 14:00:00+00:00;NaN;NaN;NaN
2024-11-03;16;NaN;NaN;NaN;NaN;NaN;NaN;NaN;NaN;NaN;NaN;2024-11-03 15:00:00+00:00;NaN;NaN;NaN
2024-11-03;17;NaN;NaN;NaN;NaN;NaN;NaN;NaN;NaN;NaN;NaN;2024-11-03 16:00:00+00:00;NaN;NaN;NaN
2024-11-03;18;NaN;NaN;NaN;NaN;NaN;NaN;NaN;NaN;NaN;NaN;2024-11-03 17:00:00+00:00;NaN;NaN;NaN
2024-11-03;19;NaN;NaN;NaN;NaN;NaN;NaN;NaN;NaN;NaN;NaN;2024-11-03 18:00:00+00:00;NaN;NaN;NaN
2024-11-03;20;NaN;NaN;NaN;NaN;NaN;NaN;NaN;NaN;NaN;NaN;2024-11-03 19:00:00+00:00;NaN;NaN;NaN
2024-11-03;21;NaN;NaN;NaN;NaN;NaN;NaN;NaN;NaN;NaN;NaN;2024-11-03 20:00:00+00:00;NaN;NaN;NaN
2024-11-03;22;NaN;NaN;NaN;NaN;NaN;NaN;NaN;NaN;NaN;NaN;2024-11-03 21:00:00+00:00;NaN;NaN;NaN
2024-11-03;23;NaN;NaN;NaN;NaN;NaN;NaN;NaN;NaN;NaN;NaN;2024-11-03 22:00:00+00:00;NaN;NaN;NaN
2024-11-03;0;92.00;-0.34;0.00;0.00;0.93;2024-11-03 00:00:00+01:00;11.00;182.00;1.00;181.00;2024-11-02 23:00:00+00:00;52.00;52.00;52.00
2024-11-03;1;92.00;0.03;0.00;0.00;0.93;2024-11-03 01:00:00+01:00;11.00;122.00;2.00;120.00;2024-11-03 00:00:00+00:00;60.00;56.00;60.00
2024-11-03;2;92.00;0.03;0.00;0.00;0.93;2024-11-03 02:00:00+01:00;11.00;88.00;1.00;87.00;2024-11-03 01:00:00+00:00;55.00;52.00;55.00
2024-11-03;3;100.00;0.03;0.00;0.00;0.93;2024-11-03 03:00:00+01:00;11.00;62.00;1.00;61.00;2024-11-03 02:00:00+00:00;59.00;63.00;59.00
2024-11-03;4;100.00;0.03;0.00;0.00;0.93;2024-11-03 04:00:00+01:00;11.00;60.00;3.00;57.00;2024-11-03 03:00:00+00:00;57.00;54.00;57.00
2024-11-03;5;100.00;0.03;0.00;0.00;0.93;2024-11-03 05:00:00+01:00;11.00;50.00;5.00;45.00;2024-11-03 04:00:00+00:00;60.00;61.00;59.00
2024-11-03;6;100.00;0.03;0.00;0.00;0.93;2024-11-03 06:00:00+01:00;11.00;41.00;4.00;37.00;2024-11-03 05:00:00+00:00;60.00;60.00;60.00
2024-11-03;7;100.00;0.03;0.00;0.00;0.93;2024-11-03 07:00:00+01:00;11.00;54.00;5.00;49.00;2024-11-03 06:00:00+00:00;55.00;53.00;56.00
2024-11-03;8;100.00;0.03;0.00;0.00;0.93;2024-11-03 08:00:00+01:00;11.00;78.00;5.00;73.00;2024-11-03 07:00:00+00:00;56.00;60.00;56.00
2024-11-03;9;100.00;0.03;0.00;0.00;0.93;2024-11-03 09:00:00+01:00;11.00;145.00;6.00;139.00;2024-11-03 08:00:00+00:00;54.00;52.00;54.00
2024-11-03;10;100.00;0.03;0.00;0.00;0.93;2024-11-03 10:00:00+01:00;11.00;240.00;4.00;236.00;2024-11-03 09:00:00+00:00;50.00;51.00;50.00
2024-11-03;11;100.00;0.03;0.00;0.00;0.93;2024-11-03 11:00:00+01:00;11.00;305.00;7.00;298.00;2024-11-03 10:00:00+00:00;50.00;51.00;50.00
2024-11-03;12;100.00;0.03;0.00;0.00;0.93;2024-11-03 12:00:00+01:00;11.00;380.00;7.00;373.00;2024-11-03 11:00:00+00:00;50.00;50.00;50.00
2024-11-03;13;100.00;0.03;0.00;0.00;0.93;2024-11-03 13:00:00+01:00;11.00;433.00;12.00;421.00;2024-11-03 12:00:00+00:00;47.00;48.00;47.00
2024-11-03;14;92.00;0.03;0.00;0.00;0.93;2024-11-03 14:00:00+01:00;11.00;436.00;7.00;430.00;2024-11-03 13:00:00+00:00;50.00;49.00;50.00
2024-11-03;15;92.00;0.03;0.00;0.00;0.93;2024-11-03 15:00:00+01:00;11.00;454.00;9.00;445.00;2024-11-03 14:00:00+00:00;49.00;48.00;49.00
2024-11-03;16;100.00;0.03;0.00;0.00;0.93;2024-11-03 16:00:00+01:00;11.00;403.00;6.00;397.00;2024-11-03 15:00:00+00:00;47.00;46.00;47.00
2024-11-03;17;100.00;0.03;0.00;0.00;0.93;2024-11-03 17:00:00+01:00;11.00;426.00;7.00;419.00;2024-11-03 16:00:00+00:00;45.00;44.00;45.00
2024-11-03;18;100.00;0.03;0.00;0.00;0.93;2024-11-03 18:00:00+01:00;11.00;376.00;6.00;370.00;2024-11-03 17:00:00+00:00;48.00;47.00;48.00
2024-11-03;19;100.00;0.03;0.00;0.00;0.93;2024-11-03 19:00:00+01:00;11.00;313.00;10.00;303.00;2024-11-03 18:00:00+00:00;48.00;48.00;48.00
2024-11-03;20;100.00;0.03;0.00;0.00;0.93;2024-11-03 20:00:00+01:00;11.00;250.00;9.00;241.00;2024-11-03 19:00:00+00:00;49.00;50.00;49.00
2024-11-03;21;100.00;0.03;0.00;0.00;0.93;2024-11-03 21:00:00+01:00;11.00;187.00;7.00;180.00;2024-11-03 20:00:00+00:00;51.00;52.00;51.00
2024-11-03;22;100.00;0.03;0.00;0.00;0.93;2024-11-03 22:00:00+01:00;11.00;142.00;4.00;138.00;2024-11-03 21:00:00+00:00;56.00;54.00;56.00
2024-11-03;23;100.00;0.03;0.00;0.00;0.93;2024-11-03 23:00:00+01:00;11.00;85.00;2.00;83.00;2024-11-03 22:00:00+00:00;61.00;68.00;61.00
2024-11-04;0;NaN;NaN;NaN;NaN;NaN;NaN;NaN;NaN;NaN;NaN;2024-11-03 23:00:00+00:00;NaN;NaN;NaN
2024-11-04;1;NaN;NaN;NaN;NaN;NaN;NaN;NaN;NaN;NaN;NaN;2024-11-04 00:00:00+00:00;NaN;NaN;NaN
2024-11-04;2;NaN;NaN;NaN;NaN;NaN;NaN;NaN;NaN;NaN;NaN;2024-11-04 01:00:00+00:00;NaN;NaN;NaN
2024-11-04;3;NaN;NaN;NaN;NaN;NaN;NaN;NaN;NaN;NaN;NaN;2024-11-04 02:00:00+00:00;NaN;NaN;NaN
2024-11-04;4;NaN;NaN;NaN;NaN;NaN;NaN;NaN;NaN;NaN;NaN;2024-11-04 03:00:00+00:00;NaN;NaN;NaN
2024-11-04;5;NaN;NaN;NaN;NaN;NaN;NaN;NaN;NaN;NaN;NaN;2024-11-04 04:00:00+00:00;NaN;NaN;NaN
2024-11-04;6;NaN;NaN;NaN;NaN;NaN;NaN;NaN;NaN;NaN;NaN;2024-11-04 05:00:00+00:00;NaN;NaN;NaN
2024-11-04;7;NaN;NaN;NaN;NaN;NaN;NaN;NaN;NaN;NaN;NaN;2024-11-04 06:00:00+00:00;NaN;NaN;NaN
2024-11-04;8;NaN;NaN;NaN;NaN;NaN;NaN;NaN;NaN;NaN;NaN;2024-11-04 07:00:00+00:00;NaN;NaN;NaN
2024-11-04;9;NaN;NaN;NaN;NaN;NaN;NaN;NaN;NaN;NaN;NaN;2024-11-04 08:00:00+00:00;NaN;NaN;NaN
2024-11-04;10;NaN;NaN;NaN;NaN;NaN;NaN;NaN;NaN;NaN;NaN;2024-11-04 09:00:00+00:00;NaN;NaN;NaN
2024-11-04;11;NaN;NaN;NaN;NaN;NaN;NaN;NaN;NaN;NaN;NaN;2024-11-04 10:00:00+00:00;NaN;NaN;NaN
2024-11-04;12;NaN;NaN;NaN;NaN;NaN;NaN;NaN;NaN;NaN;NaN;2024-11-04 11:00:00+00:00;NaN;NaN;NaN
2024-11-04;13;NaN;NaN;NaN;NaN;NaN;NaN;NaN;NaN;NaN;NaN;2024-11-04 12:00:00+00:00;NaN;NaN;NaN
2024-11-04;14;NaN;NaN;NaN;NaN;NaN;NaN;NaN;NaN;NaN;NaN;2024-11-04 13:00:00+00:00;NaN;NaN;NaN
2024-11-04;15;NaN;NaN;NaN;NaN;NaN;NaN;NaN;NaN;NaN;NaN;2024-11-04 14:00:00+00:00;NaN;NaN;NaN
2024-11-04;16;NaN;NaN;NaN;NaN;NaN;NaN;NaN;NaN;NaN;NaN;2024-11-04 15:00:00+00:00;NaN;NaN;NaN
2024-11-04;17;NaN;NaN;NaN;NaN;NaN;NaN;NaN;NaN;NaN;NaN;2024-11-04 16:00:00+00:00;NaN;NaN;NaN
2024-11-04;18;NaN;NaN;NaN;NaN;NaN;NaN;NaN;NaN;NaN;NaN;2024-11-04 17:00:00+00:00;NaN;NaN;NaN
2024-11-04;19;NaN;NaN;NaN;NaN;NaN;NaN;NaN;NaN;NaN;NaN;2024-11-04 18:00:00+00:00;NaN;NaN;NaN
2024-11-04;20;NaN;NaN;NaN;NaN;NaN;NaN;NaN;NaN;NaN;NaN;2024-11-04 19:00:00+00:00;NaN;NaN;NaN
2024-11-04;21;NaN;NaN;NaN;NaN;NaN;NaN;NaN;NaN;NaN;NaN;2024-11-04 20:00:00+00:00;NaN;NaN;NaN
2024-11-04;22;NaN;NaN;NaN;NaN;NaN;NaN;NaN;NaN;NaN;NaN;2024-11-04 21:00:00+00:00;NaN;NaN;NaN
2024-11-04;23;NaN;NaN;NaN;NaN;NaN;NaN;NaN;NaN;NaN;NaN;2024-11-04 22:00:00+00:00;NaN;NaN;NaN
2024-11-04;0;100.00;0.03;0.00;0.00;0.93;2024-11-04 00:00:00+01:00;11.00;63.00;2.00;61.00;2024-11-03 23:00:00+00:00;62.00;68.00;62.00
2024-11-04;1;100.00;0.26;0.00;0.00;0.94;2024-11-04 01:00:00+01:00;11.00;40.00;2.00;38.00;2024-11-04 00:00:00+00:00;61.00;62.00;61.00
2024-11-04;2;100.00;0.26;0.00;0.00;0.94;2024-11-04 02:00:00+01:00;11.00;22.00;3.00;19.00;2024-11-04 01:00:00+00:00;64.00;74.00;62.00
2024-11-04;3;92.00;0.26;0.00;0.00;0.94;2024-11-04 03:00:00+01:00;11.00;24.00;7.00;17.00;2024-11-04 02:00:00+00:00;75.00;79.00;74.00
2024-11-04;4;92.00;0.26;0.00;0.00;0.94;2024-11-04 04:00:00+01:00;11.00;34.00;7.00;27.00;2024-11-04 03:00:00+00:00;64.00;66.00;63.00
2024-11-04;5;92.00;0.26;0.00;0.00;0.94;2024-11-04 05:00:00+01:00;11.00;94.00;3.00;91.00;2024-11-04 04:00:00+00:00;62.00;60.00;62.00
2024-11-04;6;92.00;0.26;0.00;0.00;0.94;2024-11-04 06:00:00+01:00;11.00;208.00;4.00;204.00;2024-11-04 05:00:00+00:00;53.00;55.00;53.00
2024-11-04;7;100.00;0.26;0.00;0.00;0.94;2024-11-04 07:00:00+01:00;11.00;435.00;14.00;421.00;2024-11-04 06:00:00+00:00;45.00;46.00;45.00
2024-11-04;8;92.00;0.26;0.00;0.00;0.94;2024-11-04 08:00:00+01:00;11.00;417.00;9.00;408.00;2024-11-04 07:00:00+00:00;47.00;46.00;47.00
2024-11-04;9;100.00;0.26;0.00;0.00;0.94;2024-11-04 09:00:00+01:00;11.00;418.00;17.00;401.00;2024-11-04 08:00:00+00:00;43.00;44.00;43.00
2024-11-04;10;100.00;0.26;0.00;0.00;0.94;2024-11-04 10:00:00+01:00;11.00;398.00;17.00;381.00;2024-11-04 09:00:00+00:00;42.00;43.00;42.00
2024-11-04;11;100.00;0.26;0.00;0.00;0.94;2024-11-04 11:00:00+01:00;11.00;481.00;19.00;462.00;2024-11-04 10:00:00+00:00;42.00;43.00;42.00
2024-11-04;12;100.00;0.26;0.00;0.00;0.94;2024-11-04 12:00:00+01:00;11.00;493.00;10.00;483.00;2024-11-04 11:00:00+00:00;43.00;43.00;43.00
2024-11-04;13;100.00;0.26;0.00;0.00;0.94;2024-11-04 13:00:00+01:00;11.00;465.00;11.00;454.00;2024-11-04 12:00:00+00:00;43.00;43.00;43.00
2024-11-04;14;100.00;0.26;0.00;0.00;0.94;2024-11-04 14:00:00+01:00;11.00;608.00;11.00;597.00;2024-11-04 13:00:00+00:00;41.00;40.00;41.00
2024-11-04;15;92.00;0.26;0.00;0.00;0.94;2024-11-04 15:00:00+01:00;11.00;627.00;17.00;610.00;2024-11-04 14:00:00+00:00;37.00;31.00;38.00
2024-11-04;16;83.00;0.26;0.00;0.00;0.94;2024-11-04 16:00:00+01:00;11.00;542.00;23.00;520.00;2024-11-04 15:00:00+00:00;35.00;31.00;35.00
2024-11-04;17;100.00;0.26;0.00;0.00;0.94;2024-11-04 17:00:00+01:00;11.00;557.00;8.00;549.00;2024-11-04 16:00:00+00:00;44.00;44.00;44.00
2024-11-04;18;100.00;0.26;0.00;0.00;0.94;2024-11-04 18:00:00+01:00;11.00;521.00;6.00;515.00;2024-11-04 17:00:00+00:00;51.00;50.00;51.00
2024-11-04;19;100.00;0.26;0.00;0.00;0.94;2024-11-04 19:00:00+01:00;11.00;387.00;8.00;379.00;2024-11-04 18:00:00+00:00;51.00;51.00;51.00
2024-11-04;20;100.00;0.26;0.00;0.00;0.94;2024-11-04 20:00:00+01:00;11.00;289.00;7.00;282.00;2024-11-04 19:00:00+00:00;56.00;59.00;56.00
2024-11-04;21;100.00;0.26;0.00;0.00;0.94;2024-11-04 21:00:00+01:00;11.00;260.00;8.00;252.00;2024-11-04 20:00:00+00:00;55.00;55.00;55.00
2024-11-04;22;100.00;0.26;0.00;0.00;0.94;2024-11-04 22:00:00+01:00;11.00;202.00;6.00;196.00;2024-11-04 21:00:00+00:00;57.00;60.00;57.00
2024-11-04;23;100.00;0.26;0.00;0.00;0.94;2024-11-04 23:00:00+01:00;11.00;100.00;5.00;95.00;2024-11-04 22:00:00+00:00;60.00;63.00;60.00
2024-11-05;0;NaN;NaN;NaN;NaN;NaN;NaN;NaN;NaN;NaN;NaN;2024-11-04 23:00:00+00:00;NaN;NaN;NaN
2024-11-05;1;NaN;NaN;NaN;NaN;NaN;NaN;NaN;NaN;NaN;NaN;2024-11-05 00:00:00+00:00;NaN;NaN;NaN
2024-11-05;2;NaN;NaN;NaN;NaN;NaN;NaN;NaN;NaN;NaN;NaN;2024-11-05 01:00:00+00:00;NaN;NaN;NaN
2024-11-05;3;NaN;NaN;NaN;NaN;NaN;NaN;NaN;NaN;NaN;NaN;2024-11-05 02:00:00+00:00;NaN;NaN;NaN
2024-11-05;4;NaN;NaN;NaN;NaN;NaN;NaN;NaN;NaN;NaN;NaN;2024-11-05 03:00:00+00:00;NaN;NaN;NaN
2024-11-05;5;NaN;NaN;NaN;NaN;NaN;NaN;NaN;NaN;NaN;NaN;2024-11-05 04:00:00+00:00;NaN;NaN;NaN
2024-11-05;6;NaN;NaN;NaN;NaN;NaN;NaN;NaN;NaN;NaN;NaN;2024-11-05 05:00:00+00:00;NaN;NaN;NaN
2024-11-05;7;NaN;NaN;NaN;NaN;NaN;NaN;NaN;NaN;NaN;NaN;2024-11-05 06:00:00+00:00;NaN;NaN;NaN
2024-11-05;8;NaN;NaN;NaN;NaN;NaN;NaN;NaN;NaN;NaN;NaN;2024-11-05 07:00:00+00:00;NaN;NaN;NaN
2024-11-05;9;NaN;NaN;NaN;NaN;NaN;NaN;NaN;NaN;NaN;NaN;2024-11-05 08:00:00+00:00;NaN;NaN;NaN
2024-11-05;10;NaN;NaN;NaN;NaN;NaN;NaN;NaN;NaN;NaN;NaN;2024-11-05 09:00:00+00:00;NaN;NaN;NaN
2024-11-05;11;NaN;NaN;NaN;NaN;NaN;NaN;NaN;NaN;NaN;NaN;2024-11-05 10:00:00+00:00;NaN;NaN;NaN
2024-11-05;12;NaN;NaN;NaN;NaN;NaN;NaN;NaN;NaN;NaN;NaN;2024-11-05 11:00:00+00:00;NaN;NaN;NaN
2024-11-05;13;NaN;NaN;NaN;NaN;NaN;NaN;NaN;NaN;NaN;NaN;2024-11-05 12:00:00+00:00;NaN;NaN;NaN
2024-11-05;14;NaN;NaN;NaN;NaN;NaN;NaN;NaN;NaN;NaN;NaN;2024-11-05 13:00:00+00:00;NaN;NaN;NaN
2024-11-05;15;NaN;NaN;NaN;NaN;NaN;NaN;NaN;NaN;NaN;NaN;2024-11-05 14:00:00+00:00;NaN;NaN;NaN
2024-11-05;16;NaN;NaN;NaN;NaN;NaN;NaN;NaN;NaN;NaN;NaN;2024-11-05 15:00:00+00:00;NaN;NaN;NaN
2024-11-05;17;NaN;NaN;NaN;NaN;NaN;NaN;NaN;NaN;NaN;NaN;2024-11-05 16:00:00+00:00;NaN;NaN;NaN
2024-11-05;18;NaN;NaN;NaN;NaN;NaN;NaN;NaN;NaN;NaN;NaN;2024-11-05 17:00:00+00:00;NaN;NaN;NaN
2024-11-05;19;NaN;NaN;NaN;NaN;NaN;NaN;NaN;NaN;NaN;NaN;2024-11-05 18:00:00+00:00;NaN;NaN;NaN
2024-11-05;20;NaN;NaN;NaN;NaN;NaN;NaN;NaN;NaN;NaN;NaN;2024-11-05 19:00:00+00:00;NaN;NaN;NaN
2024-11-05;21;NaN;NaN;NaN;NaN;NaN;NaN;NaN;NaN;NaN;NaN;2024-11-05 20:00:00+00:00;NaN;NaN;NaN
2024-11-05;22;NaN;NaN;NaN;NaN;NaN;NaN;NaN;NaN;NaN;NaN;2024-11-05 21:00:00+00:00;NaN;NaN;NaN
2024-11-05;23;NaN;NaN;NaN;NaN;NaN;NaN;NaN;NaN;NaN;NaN;2024-11-05 22:00:00+00:00;NaN;NaN;NaN
2024-11-05;0;100.00;0.26;0.00;0.00;0.94;2024-11-05 00:00:00+01:00;11.00;59.00;2.00;57.00;2024-11-04 23:00:00+00:00;59.00;64.00;59.00
2024-11-05;1;100.00;0.13;0.00;0.00;0.95;2024-11-05 01:00:00+01:00;11.00;49.00;3.00;46.00;2024-11-05 00:00:00+00:00;55.00;54.00;55.00
2024-11-05;2;100.00;0.13;0.00;0.00;0.95;2024-11-05 02:00:00+01:00;11.00;32.00;1.00;31.00;2024-11-05 01:00:00+00:00;72.00;60.00;72.00
2024-11-05;3;100.00;0.13;0.00;0.00;0.95;2024-11-05 03:00:00+01:00;11.00;30.00;2.00;28.00;2024-11-05 02:00:00+00:00;67.00;66.00;67.00
2024-11-05;4;100.00;0.13;0.00;0.00;0.95;2024-11-05 04:00:00+01:00;11.00;61.00;14.00;47.00;2024-11-05 03:00:00+00:00;58.00;56.00;58.00
2024-11-05;5;100.00;0.13;0.00;0.00;0.95;2024-11-05 05:00:00+01:00;11.00;87.00;6.00;81.00;2024-11-05 04:00:00+00:00;57.00;58.00;57.00
2024-11-05;6;100.00;0.13;0.00;0.00;0.95;2024-11-05 06:00:00+01:00;11.00;208.00;14.00;194.00;2024-11-05 05:00:00+00:00;44.00;44.00;44.00
2024-11-05;7;100.00;0.13;0.00;0.00;0.95;2024-11-05 07:00:00+01:00;11.00;390.00;17.00;373.00;2024-11-05 06:00:00+00:00;40.00;41.00;40.00
2024-11-05;8;100.00;0.13;0.00;0.00;0.95;2024-11-05 08:00:00+01:00;11.00;392.00;12.00;380.00;2024-11-05 07:00:00+00:00;39.00;40.00;39.00
2024-11-05;9;100.00;0.13;0.00;0.00;0.95;2024-11-05 09:00:00+01:00;11.00;399.00;18.00;381.00;2024-11-05 08:00:00+00:00;41.00;41.00;41.00
2024-11-05;10;92.00;0.13;0.00;0.00;0.95;2024-11-05 10:00:00+01:00;11.00;459.00;34.00;425.00;2024-11-05 09:00:00+00:00;41.00;41.00;41.00
2024-11-05;11;92.00;0.13;0.00;0.00;0.95;2024-11-05 11:00:00+01:00;11.00;497.00;31.00;467.00;2024-11-05 10:00:00+00:00;44.00;45.00;44.00
2024-11-05;12;92.00;0.13;0.00;0.00;0.95;2024-11-05 12:00:00+01:00;11.00;544.00;25.00;519.00;2024-11-05 11:00:00+00:00;39.00;40.00;39.00
2024-11-05;13;92.00;0.13;0.00;0.00;0.95;2024-11-05 13:00:00+01:00;11.00;512.00;22.00;490.00;2024-11-05 12:00:00+00:00;41.00;41.00;41.00
2024-11-05;14;100.00;0.13;0.00;0.00;0.95;2024-11-05 14:00:00+01:00;11.00;602.00;15.00;587.00;2024-11-05 13:00:00+00:00;37.00;37.00;37.00
2024-11-05;15;92.00;0.13;0.00;0.00;0.95;2024-11-05 15:00:00+01:00;11.00;593.00;14.00;579.00;2024-11-05 14:00:00+00:00;33.00;31.00;33.00
2024-11-05;16;100.00;0.13;0.00;0.00;0.95;2024-11-05 16:00:00+01:00;11.00;604.00;11.00;593.00;2024-11-05 15:00:00+00:00;39.00;39.00;39.00
2024-11-05;17;100.00;0.13;0.00;0.00;0.95;2024-11-05 17:00:00+01:00;11.00;620.00;11.00;609.00;2024-11-05 16:00:00+00:00;38.00;37.00;38.00
2024-11-05;18;100.00;0.13;0.00;0.00;0.95;2024-11-05 18:00:00+01:00;11.00;541.00;8.00;533.00;2024-11-05 17:00:00+00:00;43.00;35.00;43.00
2024-11-05;19;100.00;0.13;0.00;0.00;0.95;2024-11-05 19:00:00+01:00;11.00;450.00;5.00;445.00;2024-11-05 18:00:00+00:00;47.00;45.00;47.00
2024-11-05;20;100.00;0.13;0.00;0.00;0.95;2024-11-05 20:00:00+01:00;11.00;358.00;8.00;350.00;2024-11-05 19:00:00+00:00;49.00;50.00;49.00
2024-11-05;21;100.00;0.13;0.00;0.00;0.95;2024-11-05 21:00:00+01:00;11.00;249.00;8.00;241.00;2024-11-05 20:00:00+00:00;51.00;51.00;51.00
2024-11-05;22;75.00;0.13;0.00;0.00;0.95;2024-11-05 22:00:00+01:00;11.00;188.00;5.00;183.00;2024-11-05 21:00:00+00:00;54.00;54.00;54.00
2024-11-05;23;100.00;0.13;0.00;0.00;0.95;2024-11-05 23:00:00+01:00;11.00;138.00;5.00;133.00;2024-11-05 22:00:00+00:00;57.00;59.00;56.00
2024-11-06;0;NaN;NaN;NaN;NaN;NaN;NaN;NaN;NaN;NaN;NaN;2024-11-05 23:00:00+00:00;NaN;NaN;NaN
2024-11-06;1;NaN;NaN;NaN;NaN;NaN;NaN;NaN;NaN;NaN;NaN;2024-11-06 00:00:00+00:00;NaN;NaN;NaN
2024-11-06;2;NaN;NaN;NaN;NaN;NaN;NaN;NaN;NaN;NaN;NaN;2024-11-06 01:00:00+00:00;NaN;NaN;NaN
2024-11-06;3;NaN;NaN;NaN;NaN;NaN;NaN;NaN;NaN;NaN;NaN;2024-11-06 02:00:00+00:00;NaN;NaN;NaN
2024-11-06;4;NaN;NaN;NaN;NaN;NaN;NaN;NaN;NaN;NaN;NaN;2024-11-06 03:00:00+00:00;NaN;NaN;NaN
2024-11-06;5;NaN;NaN;NaN;NaN;NaN;NaN;NaN;NaN;NaN;NaN;2024-11-06 04:00:00+00:00;NaN;NaN;NaN
2024-11-06;6;NaN;NaN;NaN;NaN;NaN;NaN;NaN;NaN;NaN;NaN;2024-11-06 05:00:00+00:00;NaN;NaN;NaN
2024-11-06;7;NaN;NaN;NaN;NaN;NaN;NaN;NaN;NaN;NaN;NaN;2024-11-06 06:00:00+00:00;NaN;NaN;NaN
2024-11-06;8;NaN;NaN;NaN;NaN;NaN;NaN;NaN;NaN;NaN;NaN;2024-11-06 07:00:00+00:00;NaN;NaN;NaN
2024-11-06;9;NaN;NaN;NaN;NaN;NaN;NaN;NaN;NaN;NaN;NaN;2024-11-06 08:00:00+00:00;NaN;NaN;NaN
2024-11-06;10;NaN;NaN;NaN;NaN;NaN;NaN;NaN;NaN;NaN;NaN;2024-11-06 09:00:00+00:00;NaN;NaN;NaN
2024-11-06;11;NaN;NaN;NaN;NaN;NaN;NaN;NaN;NaN;NaN;NaN;2024-11-06 10:00:00+00:00;NaN;NaN;NaN
2024-11-06;12;NaN;NaN;NaN;NaN;NaN;NaN;NaN;NaN;NaN;NaN;2024-11-06 11:00:00+00:00;NaN;NaN;NaN
2024-11-06;13;NaN;NaN;NaN;NaN;NaN;NaN;NaN;NaN;NaN;NaN;2024-11-06 12:00:00+00:00;NaN;NaN;NaN
2024-11-06;14;NaN;NaN;NaN;NaN;NaN;NaN;NaN;NaN;NaN;NaN;2024-11-06 13:00:00+00:00;NaN;NaN;NaN
2024-11-06;15;NaN;NaN;NaN;NaN;NaN;NaN;NaN;NaN;NaN;NaN;2024-11-06 14:00:00+00:00;NaN;NaN;NaN
2024-11-06;16;NaN;NaN;NaN;NaN;NaN;NaN;NaN;NaN;NaN;NaN;2024-11-06 15:00:00+00:00;NaN;NaN;NaN
2024-11-06;17;NaN;NaN;NaN;NaN;NaN;NaN;NaN;NaN;NaN;NaN;2024-11-06 16:00:00+00:00;NaN;NaN;NaN
2024-11-06;18;NaN;NaN;NaN;NaN;NaN;NaN;NaN;NaN;NaN;NaN;2024-11-06 17:00:00+00:00;NaN;NaN;NaN
2024-11-06;19;NaN;NaN;NaN;NaN;NaN;NaN;NaN;NaN;NaN;NaN;2024-11-06 18:00:00+00:00;NaN;NaN;NaN
2024-11-06;20;NaN;NaN;NaN;NaN;NaN;NaN;NaN;NaN;NaN;NaN;2024-11-06 19:00:00+00:00;NaN;NaN;NaN
2024-11-06;21;NaN;NaN;NaN;NaN;NaN;NaN;NaN;NaN;NaN;NaN;2024-11-06 20:00:00+00:00;NaN;NaN;NaN
2024-11-06;22;NaN;NaN;NaN;NaN;NaN;NaN;NaN;NaN;NaN;NaN;2024-11-06 21:00:00+00:00;NaN;NaN;NaN
2024-11-06;23;NaN;NaN;NaN;NaN;NaN;NaN;NaN;NaN;NaN;NaN;2024-11-06 22:00:00+00:00;NaN;NaN;NaN
2024-11-06;0;100.00;0.13;0.00;0.00;0.95;2024-11-06 00:00:00+01:00;11.00;68.00;0.00;68.00;2024-11-05 23:00:00+00:00;63.00;NaN;63.00
2024-11-06;1;100.00;0.20;0.00;0.00;0.93;2024-11-06 01:00:00+01:00;11.00;36.00;3.00;33.00;2024-11-06 00:00:00+00:00;55.00;53.00;55.00
2024-11-06;2;100.00;0.20;0.00;0.00;0.93;2024-11-06 02:00:00+01:00;11.00;30.00;3.00;27.00;2024-11-06 01:00:00+00:00;58.00;67.00;57.00
2024-11-06;3;100.00;0.20;0.00;0.00;0.93;2024-11-06 03:00:00+01:00;11.00;31.00;9.00;22.00;2024-11-06 02:00:00+00:00;60.00;60.00;60.00
2024-11-06;4;100.00;0.20;0.00;0.00;0.93;2024-11-06 04:00:00+01:00;11.00;51.00;10.00;41.00;2024-11-06 03:00:00+00:00;65.00;64.00;66.00
2024-11-06;5;100.00;0.20;0.00;0.00;0.93;2024-11-06 05:00:00+01:00;11.00;119.00;18.00;101.00;2024-11-06 04:00:00+00:00;63.00;65.00;63.00
2024-11-06;6;92.00;0.20;0.00;0.00;0.93;2024-11-06 06:00:00+01:00;11.00;304.00;40.00;264.00;2024-11-06 05:00:00+00:00;50.00;49.00;50.00
2024-11-06;7;92.00;0.20;0.00;0.00;0.93;2024-11-06 07:00:00+01:00;11.00;478.00;52.00;425.00;2024-11-06 06:00:00+00:00;42.00;42.00;42.00
2024-11-06;8;92.00;0.20;0.00;0.00;0.93;2024-11-06 08:00:00+01:00;11.00;520.00;48.00;472.00;2024-11-06 07:00:00+00:00;40.00;39.00;40.00
2024-11-06;9;92.00;0.20;0.00;0.00;0.93;2024-11-06 09:00:00+01:00;11.00;416.00;40.00;375.00;2024-11-06 08:00:00+00:00;41.00;42.00;41.00
2024-11-06;10;100.00;0.20;0.00;0.00;0.93;2024-11-06 10:00:00+01:00;11.00;395.00;27.00;368.00;2024-11-06 09:00:00+00:00;43.00;44.00;43.00
2024-11-06;11;100.00;0.20;0.00;0.00;0.93;2024-11-06 11:00:00+01:00;11.00;426.00;29.00;397.00;2024-11-06 10:00:00+00:00;44.00;43.00;44.00
2024-11-06;12;100.00;0.20;0.00;0.00;0.93;2024-11-06 12:00:00+01:00;11.00;507.00;29.00;478.00;2024-11-06 11:00:00+00:00;43.00;43.00;43.00
2024-11-06;13;100.00;0.20;0.00;0.00;0.93;2024-11-06 13:00:00+01:00;11.00;488.00;31.00;457.00;2024-11-06 12:00:00+00:00;46.00;46.00;46.00
2024-11-06;14;100.00;0.20;0.00;0.00;0.93;2024-11-06 14:00:00+01:00;11.00;607.00;31.00;576.00;2024-11-06 13:00:00+00:00;43.00;44.00;43.00
2024-11-06;15;100.00;0.20;0.00;0.00;0.93;2024-11-06 15:00:00+01:00;11.00;554.00;18.00;536.00;2024-11-06 14:00:00+00:00;39.00;41.00;39.00
2024-11-06;16;100.00;0.20;0.00;0.00;0.93;2024-11-06 16:00:00+01:00;11.00;609.00;35.00;574.00;2024-11-06 15:00:00+00:00;39.00;37.00;39.00
2024-11-06;17;100.00;0.20;0.00;0.00;0.93;2024-11-06 17:00:00+01:00;11.00;507.00;23.00;484.00;2024-11-06 16:00:00+00:00;43.00;43.00;43.00
2024-11-06;18;100.00;0.20;0.00;0.00;0.93;2024-11-06 18:00:00+01:00;11.00;528.00;15.00;513.00;2024-11-06 17:00:00+00:00;51.00;50.00;51.00
2024-11-06;19;100.00;0.20;0.00;0.00;0.93;2024-11-06 19:00:00+01:00;11.00;441.00;14.00;427.00;2024-11-06 18:00:00+00:00;52.00;53.00;52.00
2024-11-06;20;100.00;0.20;0.00;0.00;0.93;2024-11-06 20:00:00+01:00;11.00;344.00;12.00;332.00;2024-11-06 19:00:00+00:00;57.00;56.00;57.00
2024-11-06;21;100.00;0.20;0.00;0.00;0.93;2024-11-06 21:00:00+01:00;11.00;278.00;12.00;266.00;2024-11-06 20:00:00+00:00;59.00;60.00;59.00
2024-11-06;22;100.00;0.20;0.00;0.00;0.93;2024-11-06 22:00:00+01:00;11.00;224.00;8.00;216.00;2024-11-06 21:00:00+00:00;56.00;59.00;56.00
2024-11-06;23;100.00;0.20;0.00;0.00;0.93;2024-11-06 23:00:00+01:00;11.00;155.00;6.00;149.00;2024-11-06 22:00:00+00:00;60.00;62.00;60.00
2024-11-07;0;NaN;NaN;NaN;NaN;NaN;NaN;NaN;NaN;NaN;NaN;2024-11-06 23:00:00+00:00;NaN;NaN;NaN
2024-11-07;1;NaN;NaN;NaN;NaN;NaN;NaN;NaN;NaN;NaN;NaN;2024-11-07 00:00:00+00:00;NaN;NaN;NaN
2024-11-07;2;NaN;NaN;NaN;NaN;NaN;NaN;NaN;NaN;NaN;NaN;2024-11-07 01:00:00+00:00;NaN;NaN;NaN
2024-11-07;3;NaN;NaN;NaN;NaN;NaN;NaN;NaN;NaN;NaN;NaN;2024-11-07 02:00:00+00:00;NaN;NaN;NaN
2024-11-07;4;NaN;NaN;NaN;NaN;NaN;NaN;NaN;NaN;NaN;NaN;2024-11-07 03:00:00+00:00;NaN;NaN;NaN
2024-11-07;5;NaN;NaN;NaN;NaN;NaN;NaN;NaN;NaN;NaN;NaN;2024-11-07 04:00:00+00:00;NaN;NaN;NaN
2024-11-07;6;NaN;NaN;NaN;NaN;NaN;NaN;NaN;NaN;NaN;NaN;2024-11-07 05:00:00+00:00;NaN;NaN;NaN
2024-11-07;7;NaN;NaN;NaN;NaN;NaN;NaN;NaN;NaN;NaN;NaN;2024-11-07 06:00:00+00:00;NaN;NaN;NaN
2024-11-07;8;NaN;NaN;NaN;NaN;NaN;NaN;NaN;NaN;NaN;NaN;2024-11-07 07:00:00+00:00;NaN;NaN;NaN
2024-11-07;9;NaN;NaN;NaN;NaN;NaN;NaN;NaN;NaN;NaN;NaN;2024-11-07 08:00:00+00:00;NaN;NaN;NaN
2024-11-07;10;NaN;NaN;NaN;NaN;NaN;NaN;NaN;NaN;NaN;NaN;2024-11-07 09:00:00+00:00;NaN;NaN;NaN
2024-11-07;11;NaN;NaN;NaN;NaN;NaN;NaN;NaN;NaN;NaN;NaN;2024-11-07 10:00:00+00:00;NaN;NaN;NaN
2024-11-07;12;NaN;NaN;NaN;NaN;NaN;NaN;NaN;NaN;NaN;NaN;2024-11-07 11:00:00+00:00;NaN;NaN;NaN
2024-11-07;13;NaN;NaN;NaN;NaN;NaN;NaN;NaN;NaN;NaN;NaN;2024-11-07 12:00:00+00:00;NaN;NaN;NaN
2024-11-07;14;NaN;NaN;NaN;NaN;NaN;NaN;NaN;NaN;NaN;NaN;2024-11-07 13:00:00+00:00;NaN;NaN;NaN
2024-11-07;15;NaN;NaN;NaN;NaN;NaN;NaN;NaN;NaN;NaN;NaN;2024-11-07 14:00:00+00:00;NaN;NaN;NaN
2024-11-07;16;NaN;NaN;NaN;NaN;NaN;NaN;NaN;NaN;NaN;NaN;2024-11-07 15:00:00+00:00;NaN;NaN;NaN
2024-11-07;17;NaN;NaN;NaN;NaN;NaN;NaN;NaN;NaN;NaN;NaN;2024-11-07 16:00:00+00:00;NaN;NaN;NaN
2024-11-07;18;NaN;NaN;NaN;NaN;NaN;NaN;NaN;NaN;NaN;NaN;2024-11-07 17:00:00+00:00;NaN;NaN;NaN
2024-11-07;19;NaN;NaN;NaN;NaN;NaN;NaN;NaN;NaN;NaN;NaN;2024-11-07 18:00:00+00:00;NaN;NaN;NaN
2024-11-07;20;NaN;NaN;NaN;NaN;NaN;NaN;NaN;NaN;NaN;NaN;2024-11-07 19:00:00+00:00;NaN;NaN;NaN
2024-11-07;21;NaN;NaN;NaN;NaN;NaN;NaN;NaN;NaN;NaN;NaN;2024-11-07 20:00:00+00:00;NaN;NaN;NaN
2024-11-07;22;NaN;NaN;NaN;NaN;NaN;NaN;NaN;NaN;NaN;NaN;2024-11-07 21:00:00+00:00;NaN;NaN;NaN
2024-11-07;23;NaN;NaN;NaN;NaN;NaN;NaN;NaN;NaN;NaN;NaN;2024-11-07 22:00:00+00:00;NaN;NaN;NaN
2024-11-07;0;100.00;0.20;0.00;0.00;0.93;2024-11-07 00:00:00+01:00;11.00;62.00;3.00;59.00;2024-11-06 23:00:00+00:00;60.00;56.00;60.00
2024-11-07;1;100.00;0.85;0.00;0.00;0.95;2024-11-07 01:00:00+01:00;11.00;40.00;2.00;38.00;2024-11-07 00:00:00+00:00;62.00;59.00;62.00
2024-11-07;2;100.00;0.85;0.00;0.00;0.95;2024-11-07 02:00:00+01:00;11.00;42.00;5.00;37.00;2024-11-07 01:00:00+00:00;65.00;68.00;64.00
2024-11-07;3;100.00;0.85;0.00;0.00;0.95;2024-11-07 03:00:00+01:00;11.00;21.00;7.00;14.00;2024-11-07 02:00:00+00:00;65.00;68.00;64.00
2024-11-07;4;100.00;0.85;0.00;0.00;0.95;2024-11-07 04:00:00+01:00;11.00;50.00;12.00;38.00;2024-11-07 03:00:00+00:00;69.00;71.00;68.00
2024-11-07;5;100.00;0.85;0.00;0.00;0.95;2024-11-07 05:00:00+01:00;11.00;101.00;9.00;92.00;2024-11-07 04:00:00+00:00;61.00;63.00;61.00
2024-11-07;6;100.00;0.85;0.00;0.00;0.95;2024-11-07 06:00:00+01:00;11.00;187.00;15.00;172.00;2024-11-07 05:00:00+00:00;50.00;50.00;50.00
2024-11-07;7;100.00;0.85;0.00;0.00;0.95;2024-11-07 07:00:00+01:00;11.00;393.00;21.00;372.00;2024-11-07 06:00:00+00:00;45.00;46.00;45.00
2024-11-07;8;92.00;0.85;0.00;0.00;0.95;2024-11-07 08:00:00+01:00;11.00;359.00;23.00;336.00;2024-11-07 07:00:00+00:00;46.00;47.00;46.00
2024-11-07;9;92.00;0.85;0.00;0.00;0.95;2024-11-07 09:00:00+01:00;11.00;399.00;22.00;377.00;2024-11-07 08:00:00+00:00;45.00;47.00;45.00
2024-11-07;10;92.00;0.85;0.00;0.00;0.95;2024-11-07 10:00:00+01:00;11.00;432.00;11.00;421.00;2024-11-07 09:00:00+00:00;43.00;44.00;43.00
2024-11-07;11;92.00;0.85;0.00;0.00;0.95;2024-11-07 11:00:00+01:00;11.00;455.00;20.00;435.00;2024-11-07 10:00:00+00:00;42.00;42.00;42.00
2024-11-07;12;92.00;0.85;0.00;0.00;0.95;2024-11-07 12:00:00+01:00;11.00;490.00;15.00;475.00;2024-11-07 11:00:00+00:00;44.00;43.00;44.00
2024-11-07;13;92.00;0.85;0.00;0.00;0.95;2024-11-07 13:00:00+01:00;11.00;518.00;19.00;500.00;2024-11-07 12:00:00+00:00;43.00;42.00;43.00
2024-11-07;14;100.00;0.85;0.00;0.00;0.95;2024-11-07 14:00:00+01:00;11.00;597.00;23.00;574.00;2024-11-07 13:00:00+00:00;42.00;42.00;42.00
2024-11-07;15;100.00;0.85;0.00;0.00;0.95;2024-11-07 15:00:00+01:00;11.00;664.00;18.00;646.00;2024-11-07 14:00:00+00:00;42.00;42.00;42.00
2024-11-07;16;100.00;0.85;0.00;0.00;0.95;2024-11-07 16:00:00+01:00;11.00;576.00;10.00;566.00;2024-11-07 15:00:00+00:00;36.00;36.00;36.00
2024-11-07;17;100.00;0.85;0.00;0.00;0.95;2024-11-07 17:00:00+01:00;11.00;590.00;20.00;570.00;2024-11-07 16:00:00+00:00;45.00;45.00;45.00
2024-11-07;18;100.00;0.85;0.00;0.00;0.95;2024-11-07 18:00:00+01:00;11.00;590.00;15.00;575.00;2024-11-07 17:00:00+00:00;51.00;48.00;51.00
2024-11-07;19;100.00;0.85;0.00;0.00;0.95;2024-11-07 19:00:00+01:00;11.00;452.00;11.00;441.00;2024-11-07 18:00:00+00:00;55.00;55.00;56.00
2024-11-07;20;100.00;0.85;0.00;0.00;0.95;2024-11-07 20:00:00+01:00;11.00;332.00;9.00;323.00;2024-11-07 19:00:00+00:00;56.00;56.00;56.00
2024-11-07;21;100.00;0.85;0.00;0.00;0.95;2024-11-07 21:00:00+01:00;11.00;264.00;7.00;257.00;2024-11-07 20:00:00+00:00;56.00;55.00;56.00
2024-11-07;22;100.00;0.85;0.00;0.00;0.95;2024-11-07 22:00:00+01:00;11.00;212.00;5.00;207.00;2024-11-07 21:00:00+00:00;55.00;55.00;55.00
2024-11-07;23;100.00;0.85;0.00;0.00;0.95;2024-11-07 23:00:00+01:00;11.00;132.00;3.00;129.00;2024-11-07 22:00:00+00:00;56.00;53.00;56.00
2024-11-08;0;NaN;NaN;NaN;NaN;NaN;NaN;NaN;NaN;NaN;NaN;2024-11-07 23:00:00+00:00;NaN;NaN;NaN
2024-11-08;1;NaN;NaN;NaN;NaN;NaN;NaN;NaN;NaN;NaN;NaN;2024-11-08 00:00:00+00:00;NaN;NaN;NaN
2024-11-08;2;NaN;NaN;NaN;NaN;NaN;NaN;NaN;NaN;NaN;NaN;2024-11-08 01:00:00+00:00;NaN;NaN;NaN
2024-11-08;3;NaN;NaN;NaN;NaN;NaN;NaN;NaN;NaN;NaN;NaN;2024-11-08 02:00:00+00:00;NaN;NaN;NaN
2024-11-08;4;NaN;NaN;NaN;NaN;NaN;NaN;NaN;NaN;NaN;NaN;2024-11-08 03:00:00+00:00;NaN;NaN;NaN
2024-11-08;5;NaN;NaN;NaN;NaN;NaN;NaN;NaN;NaN;NaN;NaN;2024-11-08 04:00:00+00:00;NaN;NaN;NaN
2024-11-08;6;NaN;NaN;NaN;NaN;NaN;NaN;NaN;NaN;NaN;NaN;2024-11-08 05:00:00+00:00;NaN;NaN;NaN
2024-11-08;7;NaN;NaN;NaN;NaN;NaN;NaN;NaN;NaN;NaN;NaN;2024-11-08 06:00:00+00:00;NaN;NaN;NaN
2024-11-08;8;NaN;NaN;NaN;NaN;NaN;NaN;NaN;NaN;NaN;NaN;2024-11-08 07:00:00+00:00;NaN;NaN;NaN
2024-11-08;9;NaN;NaN;NaN;NaN;NaN;NaN;NaN;NaN;NaN;NaN;2024-11-08 08:00:00+00:00;NaN;NaN;NaN
2024-11-08;10;NaN;NaN;NaN;NaN;NaN;NaN;NaN;NaN;NaN;NaN;2024-11-08 09:00:00+00:00;NaN;NaN;NaN
2024-11-08;11;NaN;NaN;NaN;NaN;NaN;NaN;NaN;NaN;NaN;NaN;2024-11-08 10:00:00+00:00;NaN;NaN;NaN
2024-11-08;12;NaN;NaN;NaN;NaN;NaN;NaN;NaN;NaN;NaN;NaN;2024-11-08 11:00:00+00:00;NaN;NaN;NaN
2024-11-08;13;NaN;NaN;NaN;NaN;NaN;NaN;NaN;NaN;NaN;NaN;2024-11-08 12:00:00+00:00;NaN;NaN;NaN
2024-11-08;14;NaN;NaN;NaN;NaN;NaN;NaN;NaN;NaN;NaN;NaN;2024-11-08 13:00:00+00:00;NaN;NaN;NaN
2024-11-08;15;NaN;NaN;NaN;NaN;NaN;NaN;NaN;NaN;NaN;NaN;2024-11-08 14:00:00+00:00;NaN;NaN;NaN
2024-11-08;16;NaN;NaN;NaN;NaN;NaN;NaN;NaN;NaN;NaN;NaN;2024-11-08 15:00:00+00:00;NaN;NaN;NaN
2024-11-08;17;NaN;NaN;NaN;NaN;NaN;NaN;NaN;NaN;NaN;NaN;2024-11-08 16:00:00+00:00;NaN;NaN;NaN
2024-11-08;18;NaN;NaN;NaN;NaN;NaN;NaN;NaN;NaN;NaN;NaN;2024-11-08 17:00:00+00:00;NaN;NaN;NaN
2024-11-08;19;NaN;NaN;NaN;NaN;NaN;NaN;NaN;NaN;NaN;NaN;2024-11-08 18:00:00+00:00;NaN;NaN;NaN
2024-11-08;20;NaN;NaN;NaN;NaN;NaN;NaN;NaN;NaN;NaN;NaN;2024-11-08 19:00:00+00:00;NaN;NaN;NaN
2024-11-08;21;NaN;NaN;NaN;NaN;NaN;NaN;NaN;NaN;NaN;NaN;2024-11-08 20:00:00+00:00;NaN;NaN;NaN
2024-11-08;22;NaN;NaN;NaN;NaN;NaN;NaN;NaN;NaN;NaN;NaN;2024-11-08 21:00:00+00:00;NaN;NaN;NaN
2024-11-08;23;NaN;NaN;NaN;NaN;NaN;NaN;NaN;NaN;NaN;NaN;2024-11-08 22:00:00+00:00;NaN;NaN;NaN
2024-11-08;0;100.00;0.85;0.00;0.00;0.95;2024-11-08 00:00:00+01:00;11.00;68.00;1.00;67.00;2024-11-07 23:00:00+00:00;59.00;69.00;59.00
2024-11-08;1;100.00;-0.07;0.00;0.00;0.93;2024-11-08 01:00:00+01:00;11.00;40.00;4.00;36.00;2024-11-08 00:00:00+00:00;61.00;59.00;61.00
2024-11-08;2;100.00;-0.07;0.00;0.00;0.93;2024-11-08 02:00:00+01:00;11.00;31.00;4.00;27.00;2024-11-08 01:00:00+00:00;57.00;67.00;55.00
2024-11-08;3;100.00;-0.07;0.00;0.00;0.93;2024-11-08 03:00:00+01:00;11.00;38.00;6.00;32.00;2024-11-08 02:00:00+00:00;63.00;61.00;63.00
2024-11-08;4;100.00;-0.07;0.00;0.00;0.93;2024-11-08 04:00:00+01:00;11.00;40.00;11.00;29.00;2024-11-08 03:00:00+00:00;61.00;63.00;60.00
2024-11-08;5;100.00;-0.07;0.00;0.00;0.93;2024-11-08 05:00:00+01:00;11.00;84.00;10.00;74.00;2024-11-08 04:00:00+00:00;61.00;60.00;61.00
2024-11-08;6;100.00;-0.07;0.00;0.00;0.93;2024-11-08 06:00:00+01:00;11.00;227.00;12.00;215.00;2024-11-08 05:00:00+00:00;51.00;50.00;51.00
2024-11-08;7;100.00;-0.07;0.00;0.00;0.93;2024-11-08 07:00:00+01:00;11.00;359.00;24.00;335.00;2024-11-08 06:00:00+00:00;45.00;45.00;45.00
2024-11-08;8;100.00;-0.07;0.00;0.00;0.93;2024-11-08 08:00:00+01:00;11.00;351.00;13.00;338.00;2024-11-08 07:00:00+00:00;45.00;45.00;45.00
2024-11-08;9;100.00;-0.07;0.00;0.00;0.93;2024-11-08 09:00:00+01:00;11.00;419.00;21.00;398.00;2024-11-08 08:00:00+00:00;42.00;42.00;42.00
2024-11-08;10;92.00;-0.07;0.00;0.00;0.93;2024-11-08 10:00:00+01:00;11.00;418.00;25.00;393.00;2024-11-08 09:00:00+00:00;43.00;44.00;43.00
2024-11-08;11;92.00;-0.07;0.00;0.00;0.93;2024-11-08 11:00:00+01:00;11.00;472.00;15.00;457.00;2024-11-08 10:00:00+00:00;42.00;43.00;42.00
2024-11-08;12;92.00;-0.07;0.00;0.00;0.93;2024-11-08 12:00:00+01:00;11.00;533.00;23.00;511.00;2024-11-08 11:00:00+00:00;43.00;44.00;43.00
2024-11-08;13;92.00;-0.07;0.00;0.00;0.93;2024-11-08 13:00:00+01:00;11.00;633.00;17.00;615.00;2024-11-08 12:00:00+00:00;43.00;42.00;43.00
2024-11-08;14;92.00;-0.07;0.00;0.00;0.93;2024-11-08 14:00:00+01:00;11.00;645.00;21.00;624.00;2024-11-08 13:00:00+00:00;42.00;38.00;42.00
2024-11-08;15;92.00;-0.07;0.00;0.00;0.93;2024-11-08 15:00:00+01:00;11.00;552.00;36.00;516.00;2024-11-08 14:00:00+00:00;27.00;25.00;27.00
2024-11-08;16;100.00;-0.07;0.00;0.00;0.93;2024-11-08 16:00:00+01:00;11.00;523.00;11.00;512.00;2024-11-08 15:00:00+00:00;36.00;34.00;36.00
2024-11-08;17;100.00;-0.07;0.00;0.00;0.93;2024-11-08 17:00:00+01:00;11.00;516.00;6.00;510.00;2024-11-08 16:00:00+00:00;44.00;43.00;44.00
2024-11-08;18;100.00;-0.07;0.00;0.00;0.93;2024-11-08 18:00:00+01:00;11.00;500.00;15.00;485.00;2024-11-08 17:00:00+00:00;52.00;53.00;52.00
2024-11-08;19;100.00;-0.07;0.00;0.00;0.93;2024-11-08 19:00:00+01:00;11.00;437.00;14.00;423.00;2024-11-08 18:00:00+00:00;53.00;55.00;53.00
2024-11-08;20;100.00;-0.07;0.00;0.00;0.93;2024-11-08 20:00:00+01:00;11.00;367.00;8.00;359.00;2024-11-08 19:00:00+00:00;54.00;54.00;54.00
2024-11-08;21;100.00;-0.07;0.00;0.00;0.93;2024-11-08 21:00:00+01:00;11.00;317.00;9.00;308.00;2024-11-08 20:00:00+00:00;54.00;55.00;54.00
2024-11-08;22;100.00;-0.07;0.00;0.00;0.93;2024-11-08 22:00:00+01:00;11.00;265.00;7.00;258.00;2024-11-08 21:00:00+00:00;56.00;55.00;56.00
2024-11-08;23;100.00;-0.07;0.00;0.00;0.93;2024-11-08 23:00:00+01:00;11.00;198.00;1.00;197.00;2024-11-08 22:00:00+00:00;55.00;52.00;55.00
2024-11-09;0;NaN;NaN;NaN;NaN;NaN;NaN;NaN;NaN;NaN;NaN;2024-11-08 23:00:00+00:00;NaN;NaN;NaN
2024-11-09;1;NaN;NaN;NaN;NaN;NaN;NaN;NaN;NaN;NaN;NaN;2024-11-09 00:00:00+00:00;NaN;NaN;NaN
2024-11-09;2;NaN;NaN;NaN;NaN;NaN;NaN;NaN;NaN;NaN;NaN;2024-11-09 01:00:00+00:00;NaN;NaN;NaN
2024-11-09;3;NaN;NaN;NaN;NaN;NaN;NaN;NaN;NaN;NaN;NaN;2024-11-09 02:00:00+00:00;NaN;NaN;NaN
2024-11-09;4;NaN;NaN;NaN;NaN;NaN;NaN;NaN;NaN;NaN;NaN;2024-11-09 03:00:00+00:00;NaN;NaN;NaN
2024-11-09;5;NaN;NaN;NaN;NaN;NaN;NaN;NaN;NaN;NaN;NaN;2024-11-09 04:00:00+00:00;NaN;NaN;NaN
2024-11-09;6;NaN;NaN;NaN;NaN;NaN;NaN;NaN;NaN;NaN;NaN;2024-11-09 05:00:00+00:00;NaN;NaN;NaN
2024-11-09;7;NaN;NaN;NaN;NaN;NaN;NaN;NaN;NaN;NaN;NaN;2024-11-09 06:00:00+00:00;NaN;NaN;NaN
2024-11-09;8;NaN;NaN;NaN;NaN;NaN;NaN;NaN;NaN;NaN;NaN;2024-11-09 07:00:00+00:00;NaN;NaN;NaN
2024-11-09;9;NaN;NaN;NaN;NaN;NaN;NaN;NaN;NaN;NaN;NaN;2024-11-09 08:00:00+00:00;NaN;NaN;NaN
2024-11-09;10;NaN;NaN;NaN;NaN;NaN;NaN;NaN;NaN;NaN;NaN;2024-11-09 09:00:00+00:00;NaN;NaN;NaN
2024-11-09;11;NaN;NaN;NaN;NaN;NaN;NaN;NaN;NaN;NaN;NaN;2024-11-09 10:00:00+00:00;NaN;NaN;NaN
2024-11-09;12;NaN;NaN;NaN;NaN;NaN;NaN;NaN;NaN;NaN;NaN;2024-11-09 11:00:00+00:00;NaN;NaN;NaN
2024-11-09;13;NaN;NaN;NaN;NaN;NaN;NaN;NaN;NaN;NaN;NaN;2024-11-09 12:00:00+00:00;NaN;NaN;NaN
2024-11-09;14;NaN;NaN;NaN;NaN;NaN;NaN;NaN;NaN;NaN;NaN;2024-11-09 13:00:00+00:00;NaN;NaN;NaN
2024-11-09;15;NaN;NaN;NaN;NaN;NaN;NaN;NaN;NaN;NaN;NaN;2024-11-09 14:00:00+00:00;NaN;NaN;NaN
2024-11-09;16;NaN;NaN;NaN;NaN;NaN;NaN;NaN;NaN;NaN;NaN;2024-11-09 15:00:00+00:00;NaN;NaN;NaN
2024-11-09;17;NaN;NaN;NaN;NaN;NaN;NaN;NaN;NaN;NaN;NaN;2024-11-09 16:00:00+00:00;NaN;NaN;NaN
2024-11-09;18;NaN;NaN;NaN;NaN;NaN;NaN;NaN;NaN;NaN;NaN;2024-11-09 17:00:00+00:00;NaN;NaN;NaN
2024-11-09;19;NaN;NaN;NaN;NaN;NaN;NaN;NaN;NaN;NaN;NaN;2024-11-09 18:00:00+00:00;NaN;NaN;NaN
2024-11-09;20;NaN;NaN;NaN;NaN;NaN;NaN;NaN;NaN;NaN;NaN;2024-11-09 19:00:00+00:00;NaN;NaN;NaN
2024-11-09;21;NaN;NaN;NaN;NaN;NaN;NaN;NaN;NaN;NaN;NaN;2024-11-09 20:00:00+00:00;NaN;NaN;NaN
2024-11-09;22;NaN;NaN;NaN;NaN;NaN;NaN;NaN;NaN;NaN;NaN;2024-11-09 21:00:00+00:00;NaN;NaN;NaN
2024-11-09;23;NaN;NaN;NaN;NaN;NaN;NaN;NaN;NaN;NaN;NaN;2024-11-09 22:00:00+00:00;NaN;NaN;NaN
2024-11-09;0;100.00;-0.07;0.00;0.00;0.93;2024-11-09 00:00:00+01:00;11.00;140.00;1.00;139.00;2024-11-08 23:00:00+00:00;57.00;61.00;57.00
2024-11-09;1;100.00;0.34;-2.66;0.00;0.95;2024-11-09 01:00:00+01:00;11.00;101.00;2.00;99.00;2024-11-09 00:00:00+00:00;57.00;58.00;57.00
2024-11-09;2;100.00;0.34;-2.66;0.00;0.95;2024-11-09 02:00:00+01:00;11.00;65.00;0.00;65.00;2024-11-09 01:00:00+00:00;60.00;NaN;60.00
2024-11-09;3;100.00;0.34;-2.66;0.00;0.95;2024-11-09 03:00:00+01:00;11.00;60.00;3.00;57.00;2024-11-09 02:00:00+00:00;56.00;57.00;56.00
2024-11-09;4;100.00;0.34;-2.66;0.00;0.95;2024-11-09 04:00:00+01:00;11.00;43.00;5.00;38.00;2024-11-09 03:00:00+00:00;56.00;58.00;56.00
2024-11-09;5;100.00;0.34;-2.66;0.00;0.95;2024-11-09 05:00:00+01:00;11.00;56.00;7.00;49.00;2024-11-09 04:00:00+00:00;58.00;58.00;58.00
2024-11-09;6;100.00;0.34;-2.66;0.00;0.95;2024-11-09 06:00:00+01:00;11.00;92.00;8.00;84.00;2024-11-09 05:00:00+00:00;60.00;61.00;60.00
2024-11-09;7;100.00;0.34;-2.66;0.00;0.95;2024-11-09 07:00:00+01:00;11.00;95.00;10.00;85.00;2024-11-09 06:00:00+00:00;57.00;59.00;57.00
2024-11-09;8;92.00;0.34;-2.66;0.00;0.95;2024-11-09 08:00:00+01:00;11.00;191.00;9.00;182.00;2024-11-09 07:00:00+00:00;58.00;59.00;57.00
2024-11-09;9;92.00;0.34;-2.66;0.00;0.95;2024-11-09 09:00:00+01:00;11.00;284.00;14.00;269.00;2024-11-09 08:00:00+00:00;55.00;55.00;55.00
2024-11-09;10;92.00;0.34;-2.66;0.00;0.95;2024-11-09 10:00:00+01:00;11.00;388.00;12.00;376.00;2024-11-09 09:00:00+00:00;50.00;50.00;50.00
2024-11-09;11;100.00;0.34;-2.66;0.00;0.95;2024-11-09 11:00:00+01:00;11.00;492.00;10.00;482.00;2024-11-09 10:00:00+00:00;47.00;45.00;47.00
2024-11-09;12;92.00;0.34;-2.66;0.00;0.95;2024-11-09 12:00:00+01:00;11.00;526.00;9.00;517.00;2024-11-09 11:00:00+00:00;49.00;48.00;49.00
2024-11-09;13;100.00;0.34;-2.66;0.00;0.95;2024-11-09 13:00:00+01:00;11.00;537.00;9.00;528.00;2024-11-09 12:00:00+00:00;46.00;46.00;46.00
2024-11-09;14;100.00;0.34;-2.66;0.00;0.95;2024-11-09 14:00:00+01:00;11.00;584.00;13.00;571.00;2024-11-09 13:00:00+00:00;47.00;48.00;47.00
2024-11-09;15;100.00;0.34;-2.66;0.00;0.95;2024-11-09 15:00:00+01:00;11.00;499.00;9.00;490.00;2024-11-09 14:00:00+00:00;45.00;46.00;45.00
2024-11-09;16;100.00;0.34;-2.66;0.00;0.95;2024-11-09 16:00:00+01:00;11.00;499.00;9.00;490.00;2024-11-09 15:00:00+00:00;46.00;46.00;46.00
2024-11-09;17;100.00;0.34;-2.66;0.00;0.95;2024-11-09 17:00:00+01:00;11.00;483.00;5.00;478.00;2024-11-09 16:00:00+00:00;46.00;46.00;46.00
2024-11-09;18;100.00;0.34;-2.66;0.00;0.95;2024-11-09 18:00:00+01:00;11.00;430.00;11.00;419.00;2024-11-09 17:00:00+00:00;48.00;49.00;48.00
2024-11-09;19;100.00;0.34;-2.66;0.00;0.95;2024-11-09 19:00:00+01:00;11.00;395.00;5.00;390.00;2024-11-09 18:00:00+00:00;52.00;53.00;52.00
2024-11-09;20;100.00;0.34;-2.66;0.00;0.95;2024-11-09 20:00:00+01:00;11.00;330.00;9.00;321.00;2024-11-09 19:00:00+00:00;55.00;53.00;55.00
2024-11-09;21;100.00;0.34;-2.66;0.00;0.95;2024-11-09 21:00:00+01:00;11.00;293.00;10.00;283.00;2024-11-09 20:00:00+00:00;58.00;58.00;58.00
2024-11-09;22;100.00;0.34;-2.66;0.00;0.95;2024-11-09 22:00:00+01:00;11.00;244.00;6.00;238.00;2024-11-09 21:00:00+00:00;57.00;59.00;57.00
2024-11-09;23;100.00;0.34;-2.66;0.00;0.95;2024-11-09 23:00:00+01:00;11.00;203.00;7.00;196.00;2024-11-09 22:00:00+00:00;59.00;58.00;59.00
2024-11-10;0;NaN;NaN;NaN;NaN;NaN;NaN;NaN;NaN;NaN;NaN;2024-11-09 23:00:00+00:00;NaN;NaN;NaN
2024-11-10;1;NaN;NaN;NaN;NaN;NaN;NaN;NaN;NaN;NaN;NaN;2024-11-10 00:00:00+00:00;NaN;NaN;NaN
2024-11-10;2;NaN;NaN;NaN;NaN;NaN;NaN;NaN;NaN;NaN;NaN;2024-11-10 01:00:00+00:00;NaN;NaN;NaN
2024-11-10;3;NaN;NaN;NaN;NaN;NaN;NaN;NaN;NaN;NaN;NaN;2024-11-10 02:00:00+00:00;NaN;NaN;NaN
2024-11-10;4;NaN;NaN;NaN;NaN;NaN;NaN;NaN;NaN;NaN;NaN;2024-11-10 03:00:00+00:00;NaN;NaN;NaN
2024-11-10;5;NaN;NaN;NaN;NaN;NaN;NaN;NaN;NaN;NaN;NaN;2024-11-10 04:00:00+00:00;NaN;NaN;NaN
2024-11-10;6;NaN;NaN;NaN;NaN;NaN;NaN;NaN;NaN;NaN;NaN;2024-11-10 05:00:00+00:00;NaN;NaN;NaN
2024-11-10;7;NaN;NaN;NaN;NaN;NaN;NaN;NaN;NaN;NaN;NaN;2024-11-10 06:00:00+00:00;NaN;NaN;NaN
2024-11-10;8;NaN;NaN;NaN;NaN;NaN;NaN;NaN;NaN;NaN;NaN;2024-11-10 07:00:00+00:00;NaN;NaN;NaN
2024-11-10;9;NaN;NaN;NaN;NaN;NaN;NaN;NaN;NaN;NaN;NaN;2024-11-10 08:00:00+00:00;NaN;NaN;NaN
2024-11-10;10;NaN;NaN;NaN;NaN;NaN;NaN;NaN;NaN;NaN;NaN;2024-11-10 09:00:00+00:00;NaN;NaN;NaN
2024-11-10;11;NaN;NaN;NaN;NaN;NaN;NaN;NaN;NaN;NaN;NaN;2024-11-10 10:00:00+00:00;NaN;NaN;NaN
2024-11-10;12;NaN;NaN;NaN;NaN;NaN;NaN;NaN;NaN;NaN;NaN;2024-11-10 11:00:00+00:00;NaN;NaN;NaN
2024-11-10;13;NaN;NaN;NaN;NaN;NaN;NaN;NaN;NaN;NaN;NaN;2024-11-10 12:00:00+00:00;NaN;NaN;NaN
2024-11-10;14;NaN;NaN;NaN;NaN;NaN;NaN;NaN;NaN;NaN;NaN;2024-11-10 13:00:00+00:00;NaN;NaN;NaN
2024-11-10;15;NaN;NaN;NaN;NaN;NaN;NaN;NaN;NaN;NaN;NaN;2024-11-10 14:00:00+00:00;NaN;NaN;NaN
2024-11-10;16;NaN;NaN;NaN;NaN;NaN;NaN;NaN;NaN;NaN;NaN;2024-11-10 15:00:00+00:00;NaN;NaN;NaN
2024-11-10;17;NaN;NaN;NaN;NaN;NaN;NaN;NaN;NaN;NaN;NaN;2024-11-10 16:00:00+00:00;NaN;NaN;NaN
2024-11-10;18;NaN;NaN;NaN;NaN;NaN;NaN;NaN;NaN;NaN;NaN;2024-11-10 17:00:00+00:00;NaN;NaN;NaN
2024-11-10;19;NaN;NaN;NaN;NaN;NaN;NaN;NaN;NaN;NaN;NaN;2024-11-10 18:00:00+00:00;NaN;NaN;NaN
2024-11-10;20;NaN;NaN;NaN;NaN;NaN;NaN;NaN;NaN;NaN;NaN;2024-11-10 19:00:00+00:00;NaN;NaN;NaN
2024-11-10;21;NaN;NaN;NaN;NaN;NaN;NaN;NaN;NaN;NaN;NaN;2024-11-10 20:00:00+00:00;NaN;NaN;NaN
2024-11-10;22;NaN;NaN;NaN;NaN;NaN;NaN;NaN;NaN;NaN;NaN;2024-11-10 21:00:00+00:00;NaN;NaN;NaN
2024-11-10;23;NaN;NaN;NaN;NaN;NaN;NaN;NaN;NaN;NaN;NaN;2024-11-10 22:00:00+00:00;NaN;NaN;NaN
2024-11-10;0;100.00;0.34;-2.66;0.00;0.95;2024-11-10 00:00:00+01:00;11.00;168.00;1.00;167.00;2024-11-09 23:00:00+00:00;58.00;57.00;58.00
2024-11-10;1;100.00;0.01;0.00;0.00;0.91;2024-11-10 01:00:00+01:00;11.00;114.00;1.00;113.00;2024-11-10 00:00:00+00:00;60.00;57.00;60.00
2024-11-10;2;100.00;0.01;0.00;0.00;0.91;2024-11-10 02:00:00+01:00;11.00;91.00;0.00;91.00;2024-11-10 01:00:00+00:00;58.00;NaN;58.00
2024-11-10;3;100.00;0.01;0.00;0.00;0.91;2024-11-10 03:00:00+01:00;11.00;51.00;3.00;48.00;2024-11-10 02:00:00+00:00;64.00;63.00;64.00
2024-11-10;4;100.00;0.01;0.00;0.00;0.91;2024-11-10 04:00:00+01:00;11.00;36.00;4.00;32.00;2024-11-10 03:00:00+00:00;66.00;66.00;66.00
2024-11-10;5;100.00;0.01;0.00;0.00;0.91;2024-11-10 05:00:00+01:00;11.00;44.00;4.00;40.00;2024-11-10 04:00:00+00:00;58.00;61.00;58.00
2024-11-10;6;100.00;0.01;0.00;0.00;0.91;2024-11-10 06:00:00+01:00;11.00;43.00;5.00;38.00;2024-11-10 05:00:00+00:00;56.00;55.00;56.00
2024-11-10;7;100.00;0.01;0.00;0.00;0.91;2024-11-10 07:00:00+01:00;11.00;46.00;3.00;43.00;2024-11-10 06:00:00+00:00;55.00;57.00;55.00
2024-11-10;8;92.00;0.01;0.00;0.00;0.91;2024-11-10 08:00:00+01:00;11.00;71.00;3.00;68.00;2024-11-10 07:00:00+00:00;58.00;55.00;58.00
2024-11-10;9;92.00;0.01;0.00;0.00;0.91;2024-11-10 09:00:00+01:00;11.00;137.00;2.00;135.00;2024-11-10 08:00:00+00:00;59.00;59.00;59.00
2024-11-10;10;100.00;0.01;0.00;0.00;0.91;2024-11-10 10:00:00+01:00;11.00;235.00;8.00;227.00;2024-11-10 09:00:00+00:00;57.00;58.00;57.00
2024-11-10;11;100.00;0.01;0.00;0.00;0.91;2024-11-10 11:00:00+01:00;11.00;293.00;10.00;283.00;2024-11-10 10:00:00+00:00;55.00;56.00;55.00
2024-11-10;12;100.00;0.01;0.00;0.00;0.91;2024-11-10 12:00:00+01:00;11.00;373.00;7.00;366.00;2024-11-10 11:00:00+00:00;54.00;55.00;54.00
2024-11-10;13;100.00;0.01;0.00;0.00;0.91;2024-11-10 13:00:00+01:00;11.00;424.00;7.00;417.00;2024-11-10 12:00:00+00:00;54.00;55.00;54.00
2024-11-10;14;100.00;0.01;0.00;0.00;0.91;2024-11-10 14:00:00+01:00;11.00;422.00;7.00;415.00;2024-11-10 13:00:00+00:00;54.00;57.00;54.00
2024-11-10;15;100.00;0.01;0.00;0.00;0.91;2024-11-10 15:00:00+01:00;11.00;432.00;7.00;425.00;2024-11-10 14:00:00+00:00;54.00;54.00;55.00
2024-11-10;16;100.00;0.01;0.00;0.00;0.91;2024-11-10 16:00:00+01:00;11.00;376.00;8.00;368.00;2024-11-10 15:00:00+00:00;54.00;53.00;54.00
2024-11-10;17;100.00;0.01;0.00;0.00;0.91;2024-11-10 17:00:00+01:00;11.00;399.00;10.00;389.00;2024-11-10 16:00:00+00:00;54.00;54.00;54.00
2024-11-10;18;100.00;0.01;0.00;0.00;0.91;2024-11-10 18:00:00+01:00;11.00;369.00;7.00;362.00;2024-11-10 17:00:00+00:00;54.00;55.00;54.00
2024-11-10;19;100.00;0.01;0.00;0.00;0.91;2024-11-10 19:00:00+01:00;11.00;341.00;9.00;332.00;2024-11-10 18:00:00+00:00;55.00;56.00;55.00
2024-11-10;20;100.00;0.01;0.00;0.00;0.91;2024-11-10 20:00:00+01:00;11.00;260.00;6.00;254.00;2024-11-10 19:00:00+00:00;55.00;54.00;55.00
2024-11-10;21;100.00;0.01;0.00;0.00;0.91;2024-11-10 21:00:00+01:00;11.00;174.00;7.00;167.00;2024-11-10 20:00:00+00:00;55.00;54.00;55.00
2024-11-10;22;100.00;0.01;0.00;0.00;0.91;2024-11-10 22:00:00+01:00;11.00;162.00;5.00;157.00;2024-11-10 21:00:00+00:00;59.00;64.00;59.00
2024-11-10;23;100.00;0.01;0.00;0.00;0.91;2024-11-10 23:00:00+01:00;11.00;121.00;6.00;115.00;2024-11-10 22:00:00+00:00;60.00;59.00;60.00
2024-11-11;0;NaN;NaN;NaN;NaN;NaN;NaN;NaN;NaN;NaN;NaN;2024-11-10 23:00:00+00:00;NaN;NaN;NaN
2024-11-11;1;NaN;NaN;NaN;NaN;NaN;NaN;NaN;NaN;NaN;NaN;2024-11-11 00:00:00+00:00;NaN;NaN;NaN
2024-11-11;2;NaN;NaN;NaN;NaN;NaN;NaN;NaN;NaN;NaN;NaN;2024-11-11 01:00:00+00:00;NaN;NaN;NaN
2024-11-11;3;NaN;NaN;NaN;NaN;NaN;NaN;NaN;NaN;NaN;NaN;2024-11-11 02:00:00+00:00;NaN;NaN;NaN
2024-11-11;4;NaN;NaN;NaN;NaN;NaN;NaN;NaN;NaN;NaN;NaN;2024-11-11 03:00:00+00:00;NaN;NaN;NaN
2024-11-11;5;NaN;NaN;NaN;NaN;NaN;NaN;NaN;NaN;NaN;NaN;2024-11-11 04:00:00+00:00;NaN;NaN;NaN
2024-11-11;6;NaN;NaN;NaN;NaN;NaN;NaN;NaN;NaN;NaN;NaN;2024-11-11 05:00:00+00:00;NaN;NaN;NaN
2024-11-11;7;NaN;NaN;NaN;NaN;NaN;NaN;NaN;NaN;NaN;NaN;2024-11-11 06:00:00+00:00;NaN;NaN;NaN
2024-11-11;8;NaN;NaN;NaN;NaN;NaN;NaN;NaN;NaN;NaN;NaN;2024-11-11 07:00:00+00:00;NaN;NaN;NaN
2024-11-11;9;NaN;NaN;NaN;NaN;NaN;NaN;NaN;NaN;NaN;NaN;2024-11-11 08:00:00+00:00;NaN;NaN;NaN
2024-11-11;10;NaN;NaN;NaN;NaN;NaN;NaN;NaN;NaN;NaN;NaN;2024-11-11 09:00:00+00:00;NaN;NaN;NaN
2024-11-11;11;NaN;NaN;NaN;NaN;NaN;NaN;NaN;NaN;NaN;NaN;2024-11-11 10:00:00+00:00;NaN;NaN;NaN
2024-11-11;12;NaN;NaN;NaN;NaN;NaN;NaN;NaN;NaN;NaN;NaN;2024-11-11 11:00:00+00:00;NaN;NaN;NaN
2024-11-11;13;NaN;NaN;NaN;NaN;NaN;NaN;NaN;NaN;NaN;NaN;2024-11-11 12:00:00+00:00;NaN;NaN;NaN
2024-11-11;14;NaN;NaN;NaN;NaN;NaN;NaN;NaN;NaN;NaN;NaN;2024-11-11 13:00:00+00:00;NaN;NaN;NaN
2024-11-11;15;NaN;NaN;NaN;NaN;NaN;NaN;NaN;NaN;NaN;NaN;2024-11-11 14:00:00+00:00;NaN;NaN;NaN
2024-11-11;16;NaN;NaN;NaN;NaN;NaN;NaN;NaN;NaN;NaN;NaN;2024-11-11 15:00:00+00:00;NaN;NaN;NaN
2024-11-11;17;NaN;NaN;NaN;NaN;NaN;NaN;NaN;NaN;NaN;NaN;2024-11-11 16:00:00+00:00;NaN;NaN;NaN
2024-11-11;18;NaN;NaN;NaN;NaN;NaN;NaN;NaN;NaN;NaN;NaN;2024-11-11 17:00:00+00:00;NaN;NaN;NaN
2024-11-11;19;NaN;NaN;NaN;NaN;NaN;NaN;NaN;NaN;NaN;NaN;2024-11-11 18:00:00+00:00;NaN;NaN;NaN
2024-11-11;20;NaN;NaN;NaN;NaN;NaN;NaN;NaN;NaN;NaN;NaN;2024-11-11 19:00:00+00:00;NaN;NaN;NaN
2024-11-11;21;NaN;NaN;NaN;NaN;NaN;NaN;NaN;NaN;NaN;NaN;2024-11-11 20:00:00+00:00;NaN;NaN;NaN
2024-11-11;22;NaN;NaN;NaN;NaN;NaN;NaN;NaN;NaN;NaN;NaN;2024-11-11 21:00:00+00:00;NaN;NaN;NaN
2024-11-11;23;NaN;NaN;NaN;NaN;NaN;NaN;NaN;NaN;NaN;NaN;2024-11-11 22:00:00+00:00;NaN;NaN;NaN
2024-11-11;0;100.00;0.01;0.00;0.00;0.91;2024-11-11 00:00:00+01:00;11.00;73.00;3.00;70.00;2024-11-10 23:00:00+00:00;59.00;57.00;59.00
2024-11-11;1;100.00;0.29;-2.66;0.00;0.94;2024-11-11 01:00:00+01:00;11.00;32.00;4.00;28.00;2024-11-11 00:00:00+00:00;58.00;59.00;58.00
2024-11-11;2;100.00;0.29;-2.66;0.00;0.94;2024-11-11 02:00:00+01:00;11.00;24.00;4.00;20.00;2024-11-11 01:00:00+00:00;62.00;72.00;60.00
2024-11-11;3;100.00;0.29;-2.66;0.00;0.94;2024-11-11 03:00:00+01:00;11.00;29.00;7.00;22.00;2024-11-11 02:00:00+00:00;64.00;68.00;62.00
2024-11-11;4;92.00;0.29;-2.66;0.00;0.94;2024-11-11 04:00:00+01:00;11.00;61.00;17.00;44.00;2024-11-11 03:00:00+00:00;64.00;66.00;63.00
2024-11-11;5;100.00;0.29;-2.66;0.00;0.94;2024-11-11 05:00:00+01:00;11.00;104.00;14.00;90.00;2024-11-11 04:00:00+00:00;62.00;62.00;62.00
2024-11-11;6;92.00;0.29;-2.66;0.00;0.94;2024-11-11 06:00:00+01:00;11.00;224.00;24.00;200.00;2024-11-11 05:00:00+00:00;50.00;50.00;50.00
2024-11-11;7;100.00;0.29;-2.66;0.00;0.94;2024-11-11 07:00:00+01:00;11.00;389.00;22.00;367.00;2024-11-11 06:00:00+00:00;44.00;44.00;44.00
2024-11-11;8;100.00;0.29;-2.66;0.00;0.94;2024-11-11 08:00:00+01:00;11.00;368.00;21.00;347.00;2024-11-11 07:00:00+00:00;44.00;45.00;44.00
2024-11-11;9;100.00;0.29;-2.66;0.00;0.94;2024-11-11 09:00:00+01:00;11.00;408.00;21.00;387.00;2024-11-11 08:00:00+00:00;43.00;43.00;43.00
2024-11-11;10;100.00;0.29;-2.66;0.00;0.94;2024-11-11 10:00:00+01:00;11.00;441.00;20.00;421.00;2024-11-11 09:00:00+00:00;42.00;42.00;42.00
2024-11-11;11;100.00;0.29;-2.66;0.00;0.94;2024-11-11 11:00:00+01:00;11.00;462.00;23.00;439.00;2024-11-11 10:00:00+00:00;44.00;44.00;44.00
2024-11-11;12;92.00;0.29;-2.66;0.00;0.94;2024-11-11 12:00:00+01:00;11.00;470.00;19.00;452.00;2024-11-11 11:00:00+00:00;42.00;42.00;42.00
2024-11-11;13;100.00;0.29;-2.66;0.00;0.94;2024-11-11 13:00:00+01:00;11.00;479.00;22.00;457.00;2024-11-11 12:00:00+00:00;43.00;42.00;43.00
2024-11-11;14;100.00;0.29;-2.66;0.00;0.94;2024-11-11 14:00:00+01:00;11.00;579.00;26.00;553.00;2024-11-11 13:00:00+00:00;42.00;39.00;42.00
2024-11-11;15;100.00;0.29;-2.66;0.00;0.94;2024-11-11 15:00:00+01:00;11.00;519.00;11.00;508.00;2024-11-11 14:00:00+00:00;38.00;34.00;38.00
2024-11-11;16;100.00;0.29;-2.66;0.00;0.94;2024-11-11 16:00:00+01:00;11.00;606.00;12.00;594.00;2024-11-11 15:00:00+00:00;46.00;46.00;46.00
2024-11-11;17;100.00;0.29;-2.66;0.00;0.94;2024-11-11 17:00:00+01:00;11.00;547.00;7.00;540.00;2024-11-11 16:00:00+00:00;48.00;47.00;48.00
2024-11-11;18;100.00;0.29;-2.66;0.00;0.94;2024-11-11 18:00:00+01:00;11.00;573.00;10.00;563.00;2024-11-11 17:00:00+00:00;51.00;51.00;51.00
2024-11-11;19;100.00;0.29;-2.66;0.00;0.94;2024-11-11 19:00:00+01:00;11.00;403.00;4.00;399.00;2024-11-11 18:00:00+00:00;55.00;53.00;55.00
2024-11-11;20;100.00;0.29;-2.66;0.00;0.94;2024-11-11 20:00:00+01:00;11.00;279.00;2.00;277.00;2024-11-11 19:00:00+00:00;57.00;56.00;57.00
2024-11-11;21;100.00;0.29;-2.66;0.00;0.94;2024-11-11 21:00:00+01:00;11.00;235.00;5.00;230.00;2024-11-11 20:00:00+00:00;56.00;56.00;56.00
2024-11-11;22;100.00;0.29;-2.66;0.00;0.94;2024-11-11 22:00:00+01:00;11.00;197.00;4.00;193.00;2024-11-11 21:00:00+00:00;58.00;59.00;58.00
2024-11-11;23;100.00;0.29;-2.66;0.00;0.94;2024-11-11 23:00:00+01:00;11.00;113.00;4.00;109.00;2024-11-11 22:00:00+00:00;58.00;60.00;58.00
2024-11-12;0;NaN;NaN;NaN;NaN;NaN;NaN;NaN;NaN;NaN;NaN;2024-11-11 23:00:00+00:00;NaN;NaN;NaN
2024-11-12;1;NaN;NaN;NaN;NaN;NaN;NaN;NaN;NaN;NaN;NaN;2024-11-12 00:00:00+00:00;NaN;NaN;NaN
2024-11-12;2;NaN;NaN;NaN;NaN;NaN;NaN;NaN;NaN;NaN;NaN;2024-11-12 01:00:00+00:00;NaN;NaN;NaN
2024-11-12;3;NaN;NaN;NaN;NaN;NaN;NaN;NaN;NaN;NaN;NaN;2024-11-12 02:00:00+00:00;NaN;NaN;NaN
2024-11-12;4;NaN;NaN;NaN;NaN;NaN;NaN;NaN;NaN;NaN;NaN;2024-11-12 03:00:00+00:00;NaN;NaN;NaN
2024-11-12;5;NaN;NaN;NaN;NaN;NaN;NaN;NaN;NaN;NaN;NaN;2024-11-12 04:00:00+00:00;NaN;NaN;NaN
2024-11-12;6;NaN;NaN;NaN;NaN;NaN;NaN;NaN;NaN;NaN;NaN;2024-11-12 05:00:00+00:00;NaN;NaN;NaN
2024-11-12;7;NaN;NaN;NaN;NaN;NaN;NaN;NaN;NaN;NaN;NaN;2024-11-12 06:00:00+00:00;NaN;NaN;NaN
2024-11-12;8;NaN;NaN;NaN;NaN;NaN;NaN;NaN;NaN;NaN;NaN;2024-11-12 07:00:00+00:00;NaN;NaN;NaN
2024-11-12;9;NaN;NaN;NaN;NaN;NaN;NaN;NaN;NaN;NaN;NaN;2024-11-12 08:00:00+00:00;NaN;NaN;NaN
2024-11-12;10;NaN;NaN;NaN;NaN;NaN;NaN;NaN;NaN;NaN;NaN;2024-11-12 09:00:00+00:00;NaN;NaN;NaN
2024-11-12;11;NaN;NaN;NaN;NaN;NaN;NaN;NaN;NaN;NaN;NaN;2024-11-12 10:00:00+00:00;NaN;NaN;NaN
2024-11-12;12;NaN;NaN;NaN;NaN;NaN;NaN;NaN;NaN;NaN;NaN;2024-11-12 11:00:00+00:00;NaN;NaN;NaN
2024-11-12;13;NaN;NaN;NaN;NaN;NaN;NaN;NaN;NaN;NaN;NaN;2024-11-12 12:00:00+00:00;NaN;NaN;NaN
2024-11-12;14;NaN;NaN;NaN;NaN;NaN;NaN;NaN;NaN;NaN;NaN;2024-11-12 13:00:00+00:00;NaN;NaN;NaN
2024-11-12;15;NaN;NaN;NaN;NaN;NaN;NaN;NaN;NaN;NaN;NaN;2024-11-12 14:00:00+00:00;NaN;NaN;NaN
2024-11-12;16;NaN;NaN;NaN;NaN;NaN;NaN;NaN;NaN;NaN;NaN;2024-11-12 15:00:00+00:00;NaN;NaN;NaN
2024-11-12;17;NaN;NaN;NaN;NaN;NaN;NaN;NaN;NaN;NaN;NaN;2024-11-12 16:00:00+00:00;NaN;NaN;NaN
2024-11-12;18;NaN;NaN;NaN;NaN;NaN;NaN;NaN;NaN;NaN;NaN;2024-11-12 17:00:00+00:00;NaN;NaN;NaN
2024-11-12;19;NaN;NaN;NaN;NaN;NaN;NaN;NaN;NaN;NaN;NaN;2024-11-12 18:00:00+00:00;NaN;NaN;NaN
2024-11-12;20;NaN;NaN;NaN;NaN;NaN;NaN;NaN;NaN;NaN;NaN;2024-11-12 19:00:00+00:00;NaN;NaN;NaN
2024-11-12;21;NaN;NaN;NaN;NaN;NaN;NaN;NaN;NaN;NaN;NaN;2024-11-12 20:00:00+00:00;NaN;NaN;NaN
2024-11-12;22;NaN;NaN;NaN;NaN;NaN;NaN;NaN;NaN;NaN;NaN;2024-11-12 21:00:00+00:00;NaN;NaN;NaN
2024-11-12;23;NaN;NaN;NaN;NaN;NaN;NaN;NaN;NaN;NaN;NaN;2024-11-12 22:00:00+00:00;NaN;NaN;NaN
2024-11-12;0;92.00;0.29;-2.66;0.00;0.94;2024-11-12 00:00:00+01:00;11.00;74.00;0.00;74.00;2024-11-11 23:00:00+00:00;59.00;NaN;59.00
2024-11-12;1;92.00;0.17;-1.33;0.00;0.94;2024-11-12 01:00:00+01:00;11.00;31.00;2.00;28.00;2024-11-12 00:00:00+00:00;57.00;54.00;58.00
2024-11-12;2;100.00;0.17;-1.33;0.00;0.94;2024-11-12 02:00:00+01:00;11.00;34.00;4.00;30.00;2024-11-12 01:00:00+00:00;60.00;63.00;59.00
2024-11-12;3;100.00;0.17;-1.33;0.00;0.94;2024-11-12 03:00:00+01:00;11.00;34.00;5.00;29.00;2024-11-12 02:00:00+00:00;61.00;59.00;62.00
2024-11-12;4;100.00;0.17;-1.33;0.00;0.94;2024-11-12 04:00:00+01:00;11.00;52.00;12.00;40.00;2024-11-12 03:00:00+00:00;63.00;68.00;61.00
2024-11-12;5;100.00;0.17;-1.33;0.00;0.94;2024-11-12 05:00:00+01:00;11.00;98.00;10.00;88.00;2024-11-12 04:00:00+00:00;63.00;59.00;64.00
2024-11-12;6;100.00;0.17;-1.33;0.00;0.94;2024-11-12 06:00:00+01:00;11.00;228.00;20.00;208.00;2024-11-12 05:00:00+00:00;50.00;51.00;50.00
2024-11-12;7;100.00;0.17;-1.33;0.00;0.94;2024-11-12 07:00:00+01:00;11.00;416.00;24.00;392.00;2024-11-12 06:00:00+00:00;45.00;44.00;45.00
2024-11-12;8;100.00;0.17;-1.33;0.00;0.94;2024-11-12 08:00:00+01:00;11.00;459.00;27.00;432.00;2024-11-12 07:00:00+00:00;43.00;44.00;43.00
2024-11-12;9;100.00;0.17;-1.33;0.00;0.94;2024-11-12 09:00:00+01:00;11.00;392.00;26.00;366.00;2024-11-12 08:00:00+00:00;44.00;44.00;44.00
2024-11-12;10;100.00;0.17;-1.33;0.00;0.94;2024-11-12 10:00:00+01:00;11.00;407.00;26.00;381.00;2024-11-12 09:00:00+00:00;44.00;44.00;44.00
2024-11-12;11;100.00;0.17;-1.33;0.00;0.94;2024-11-12 11:00:00+01:00;11.00;434.00;25.00;409.00;2024-11-12 10:00:00+00:00;42.00;42.00;42.00
2024-11-12;12;100.00;0.17;-1.33;0.00;0.94;2024-11-12 12:00:00+01:00;11.00;528.00;24.00;504.00;2024-11-12 11:00:00+00:00;41.00;41.00;41.00
2024-11-12;13;100.00;0.17;-1.33;0.00;0.94;2024-11-12 13:00:00+01:00;11.00;500.00;23.00;477.00;2024-11-12 12:00:00+00:00;43.00;42.00;43.00
2024-11-12;14;100.00;0.17;-1.33;0.00;0.94;2024-11-12 14:00:00+01:00;11.00;603.00;15.00;588.00;2024-11-12 13:00:00+00:00;41.00;38.00;41.00
2024-11-12;15;100.00;0.17;-1.33;0.00;0.94;2024-11-12 15:00:00+01:00;11.00;593.00;24.00;569.00;2024-11-12 14:00:00+00:00;38.00;38.00;38.00
2024-11-12;16;100.00;0.17;-1.33;0.00;0.94;2024-11-12 16:00:00+01:00;11.00;607.00;18.00;589.00;2024-11-12 15:00:00+00:00;43.00;43.00;43.00
2024-11-12;17;100.00;0.17;-1.33;0.00;0.94;2024-11-12 17:00:00+01:00;11.00;621.00;23.00;598.00;2024-11-12 16:00:00+00:00;46.00;46.00;46.00
2024-11-12;18;100.00;0.17;-1.33;0.00;0.94;2024-11-12 18:00:00+01:00;11.00;556.00;11.00;545.00;2024-11-12 17:00:00+00:00;54.00;57.00;54.00
2024-11-12;19;100.00;0.17;-1.33;0.00;0.94;2024-11-12 19:00:00+01:00;11.00;463.00;7.00;456.00;2024-11-12 18:00:00+00:00;54.00;54.00;54.00
2024-11-12;20;100.00;0.17;-1.33;0.00;0.94;2024-11-12 20:00:00+01:00;11.00;365.00;9.00;356.00;2024-11-12 19:00:00+00:00;59.00;60.00;59.00
2024-11-12;21;100.00;0.17;-1.33;0.00;0.94;2024-11-12 21:00:00+01:00;11.00;256.00;9.00;247.00;2024-11-12 20:00:00+00:00;60.00;60.00;60.00
2024-11-12;22;100.00;0.17;-1.33;0.00;0.94;2024-11-12 22:00:00+01:00;11.00;238.00;4.00;234.00;2024-11-12 21:00:00+00:00;60.00;60.00;60.00
2024-11-12;23;100.00;0.17;-1.33;0.00;0.94;2024-11-12 23:00:00+01:00;11.00;136.00;9.00;127.00;2024-11-12 22:00:00+00:00;59.00;62.00;59.00
2024-11-13;0;NaN;NaN;NaN;NaN;NaN;NaN;NaN;NaN;NaN;NaN;2024-11-12 23:00:00+00:00;NaN;NaN;NaN
2024-11-13;1;NaN;NaN;NaN;NaN;NaN;NaN;NaN;NaN;NaN;NaN;2024-11-13 00:00:00+00:00;NaN;NaN;NaN
2024-11-13;2;NaN;NaN;NaN;NaN;NaN;NaN;NaN;NaN;NaN;NaN;2024-11-13 01:00:00+00:00;NaN;NaN;NaN
2024-11-13;3;NaN;NaN;NaN;NaN;NaN;NaN;NaN;NaN;NaN;NaN;2024-11-13 02:00:00+00:00;NaN;NaN;NaN
2024-11-13;4;NaN;NaN;NaN;NaN;NaN;NaN;NaN;NaN;NaN;NaN;2024-11-13 03:00:00+00:00;NaN;NaN;NaN
2024-11-13;5;NaN;NaN;NaN;NaN;NaN;NaN;NaN;NaN;NaN;NaN;2024-11-13 04:00:00+00:00;NaN;NaN;NaN
2024-11-13;6;NaN;NaN;NaN;NaN;NaN;NaN;NaN;NaN;NaN;NaN;2024-11-13 05:00:00+00:00;NaN;NaN;NaN
2024-11-13;7;NaN;NaN;NaN;NaN;NaN;NaN;NaN;NaN;NaN;NaN;2024-11-13 06:00:00+00:00;NaN;NaN;NaN
2024-11-13;8;NaN;NaN;NaN;NaN;NaN;NaN;NaN;NaN;NaN;NaN;2024-11-13 07:00:00+00:00;NaN;NaN;NaN
2024-11-13;9;NaN;NaN;NaN;NaN;NaN;NaN;NaN;NaN;NaN;NaN;2024-11-13 08:00:00+00:00;NaN;NaN;NaN
2024-11-13;10;NaN;NaN;NaN;NaN;NaN;NaN;NaN;NaN;NaN;NaN;2024-11-13 09:00:00+00:00;NaN;NaN;NaN
2024-11-13;11;NaN;NaN;NaN;NaN;NaN;NaN;NaN;NaN;NaN;NaN;2024-11-13 10:00:00+00:00;NaN;NaN;NaN
2024-11-13;12;NaN;NaN;NaN;NaN;NaN;NaN;NaN;NaN;NaN;NaN;2024-11-13 11:00:00+00:00;NaN;NaN;NaN
2024-11-13;13;NaN;NaN;NaN;NaN;NaN;NaN;NaN;NaN;NaN;NaN;2024-11-13 12:00:00+00:00;NaN;NaN;NaN
2024-11-13;14;NaN;NaN;NaN;NaN;NaN;NaN;NaN;NaN;NaN;NaN;2024-11-13 13:00:00+00:00;NaN;NaN;NaN
2024-11-13;15;NaN;NaN;NaN;NaN;NaN;NaN;NaN;NaN;NaN;NaN;2024-11-13 14:00:00+00:00;NaN;NaN;NaN
2024-11-13;16;NaN;NaN;NaN;NaN;NaN;NaN;NaN;NaN;NaN;NaN;2024-11-13 15:00:00+00:00;NaN;NaN;NaN
2024-11-13;17;NaN;NaN;NaN;NaN;NaN;NaN;NaN;NaN;NaN;NaN;2024-11-13 16:00:00+00:00;NaN;NaN;NaN
2024-11-13;18;NaN;NaN;NaN;NaN;NaN;NaN;NaN;NaN;NaN;NaN;2024-11-13 17:00:00+00:00;NaN;NaN;NaN
2024-11-13;19;NaN;NaN;NaN;NaN;NaN;NaN;NaN;NaN;NaN;NaN;2024-11-13 18:00:00+00:00;NaN;NaN;NaN
2024-11-13;20;NaN;NaN;NaN;NaN;NaN;NaN;NaN;NaN;NaN;NaN;2024-11-13 19:00:00+00:00;NaN;NaN;NaN
2024-11-13;21;NaN;NaN;NaN;NaN;NaN;NaN;NaN;NaN;NaN;NaN;2024-11-13 20:00:00+00:00;NaN;NaN;NaN
2024-11-13;22;NaN;NaN;NaN;NaN;NaN;NaN;NaN;NaN;NaN;NaN;2024-11-13 21:00:00+00:00;NaN;NaN;NaN
2024-11-13;23;NaN;NaN;NaN;NaN;NaN;NaN;NaN;NaN;NaN;NaN;2024-11-13 22:00:00+00:00;NaN;NaN;NaN
2024-11-13;0;100.00;0.17;-1.33;0.00;0.94;2024-11-13 00:00:00+01:00;11.00;74.00;2.00;72.00;2024-11-12 23:00:00+00:00;58.00;60.00;58.00
2024-11-13;1;100.00;0.59;-1.33;0.00;0.94;2024-11-13 01:00:00+01:00;11.00;40.00;3.00;37.00;2024-11-13 00:00:00+00:00;66.00;66.00;66.00
2024-11-13;2;100.00;0.59;-1.33;0.00;0.94;2024-11-13 02:00:00+01:00;11.00;30.00;3.00;27.00;2024-11-13 01:00:00+00:00;66.00;68.00;66.00
2024-11-13;3;92.00;0.59;-1.33;0.00;0.94;2024-11-13 03:00:00+01:00;11.00;28.00;11.00;17.00;2024-11-13 02:00:00+00:00;70.00;71.00;70.00
2024-11-13;4;92.00;0.59;-1.33;0.00;0.94;2024-11-13 04:00:00+01:00;11.00;51.00;4.00;47.00;2024-11-13 03:00:00+00:00;62.00;72.00;62.00
2024-11-13;5;92.00;0.59;-1.33;0.00;0.94;2024-11-13 05:00:00+01:00;11.00;99.00;8.00;92.00;2024-11-13 04:00:00+00:00;63.00;61.00;63.00
2024-11-13;6;100.00;0.59;-1.33;0.00;0.94;2024-11-13 06:00:00+01:00;11.00;262.00;12.00;250.00;2024-11-13 05:00:00+00:00;51.00;53.00;51.00
2024-11-13;7;100.00;0.59;-1.33;0.00;0.94;2024-11-13 07:00:00+01:00;11.00;415.00;11.00;404.00;2024-11-13 06:00:00+00:00;45.00;47.00;45.00
2024-11-13;8;100.00;0.59;-1.33;0.00;0.94;2024-11-13 08:00:00+01:00;11.00;403.00;7.00;396.00;2024-11-13 07:00:00+00:00;47.00;46.00;47.00
2024-11-13;9;100.00;0.59;-1.33;0.00;0.94;2024-11-13 09:00:00+01:00;11.00;364.00;4.00;360.00;2024-11-13 08:00:00+00:00;46.00;46.00;46.00
2024-11-13;10;100.00;0.59;-1.33;0.00;0.94;2024-11-13 10:00:00+01:00;11.00;404.00;10.00;394.00;2024-11-13 09:00:00+00:00;45.00;45.00;45.00
2024-11-13;11;100.00;0.59;-1.33;0.00;0.94;2024-11-13 11:00:00+01:00;11.00;406.00;15.00;391.00;2024-11-13 10:00:00+00:00;45.00;44.00;45.00
2024-11-13;12;100.00;0.59;-1.33;0.00;0.94;2024-11-13 12:00:00+01:00;11.00;507.00;9.00;498.00;2024-11-13 11:00:00+00:00;43.00;43.00;43.00
2024-11-13;13;100.00;0.59;-1.33;0.00;0.94;2024-11-13 13:00:00+01:00;11.00;482.00;14.00;468.00;2024-11-13 12:00:00+00:00;42.00;41.00;42.00
2024-11-13;14;100.00;0.59;-1.33;0.00;0.94;2024-11-13 14:00:00+01:00;11.00;575.00;12.00;563.00;2024-11-13 13:00:00+00:00;44.00;43.00;44.00
2024-11-13;15;100.00;0.59;-1.33;0.00;0.94;2024-11-13 15:00:00+01:00;11.00;609.00;24.00;585.00;2024-11-13 14:00:00+00:00;39.00;36.00;39.00
2024-11-13;16;100.00;0.59;-1.33;0.00;0.94;2024-11-13 16:00:00+01:00;11.00;659.00;9.00;650.00;2024-11-13 15:00:00+00:00;40.00;41.00;40.00
2024-11-13;17;100.00;0.59;-1.33;0.00;0.94;2024-11-13 17:00:00+01:00;11.00;586.00;14.00;572.00;2024-11-13 16:00:00+00:00;40.00;41.00;40.00
2024-11-13;18;100.00;0.59;-1.33;0.00;0.94;2024-11-13 18:00:00+01:00;11.00;555.00;6.00;549.00;2024-11-13 17:00:00+00:00;48.00;48.00;48.00
2024-11-13;19;100.00;0.59;-1.33;0.00;0.94;2024-11-13 19:00:00+01:00;11.00;474.00;7.00;467.00;2024-11-13 18:00:00+00:00;46.00;47.00;46.00
2024-11-13;20;100.00;0.59;-1.33;0.00;0.94;2024-11-13 20:00:00+01:00;11.00;327.00;7.00;320.00;2024-11-13 19:00:00+00:00;48.00;48.00;48.00
2024-11-13;21;100.00;0.59;-1.33;0.00;0.94;2024-11-13 21:00:00+01:00;11.00;291.00;5.00;286.00;2024-11-13 20:00:00+00:00;49.00;48.00;49.00
2024-11-13;22;100.00;0.59;-1.33;0.00;0.94;2024-11-13 22:00:00+01:00;11.00;210.00;4.00;206.00;2024-11-13 21:00:00+00:00;54.00;56.00;54.00
2024-11-13;23;100.00;0.59;-1.33;0.00;0.94;2024-11-13 23:00:00+01:00;11.00;148.00;3.00;145.00;2024-11-13 22:00:00+00:00;53.00;53.00;53.00
2024-11-14;0;NaN;NaN;NaN;NaN;NaN;NaN;NaN;NaN;NaN;NaN;2024-11-13 23:00:00+00:00;NaN;NaN;NaN
2024-11-14;1;NaN;NaN;NaN;NaN;NaN;NaN;NaN;NaN;NaN;NaN;2024-11-14 00:00:00+00:00;NaN;NaN;NaN
2024-11-14;2;NaN;NaN;NaN;NaN;NaN;NaN;NaN;NaN;NaN;NaN;2024-11-14 01:00:00+00:00;NaN;NaN;NaN
2024-11-14;3;NaN;NaN;NaN;NaN;NaN;NaN;NaN;NaN;NaN;NaN;2024-11-14 02:00:00+00:00;NaN;NaN;NaN
2024-11-14;4;NaN;NaN;NaN;NaN;NaN;NaN;NaN;NaN;NaN;NaN;2024-11-14 03:00:00+00:00;NaN;NaN;NaN
2024-11-14;5;NaN;NaN;NaN;NaN;NaN;NaN;NaN;NaN;NaN;NaN;2024-11-14 04:00:00+00:00;NaN;NaN;NaN
2024-11-14;6;NaN;NaN;NaN;NaN;NaN;NaN;NaN;NaN;NaN;NaN;2024-11-14 05:00:00+00:00;NaN;NaN;NaN
2024-11-14;7;NaN;NaN;NaN;NaN;NaN;NaN;NaN;NaN;NaN;NaN;2024-11-14 06:00:00+00:00;NaN;NaN;NaN
2024-11-14;8;NaN;NaN;NaN;NaN;NaN;NaN;NaN;NaN;NaN;NaN;2024-11-14 07:00:00+00:00;NaN;NaN;NaN
2024-11-14;9;NaN;NaN;NaN;NaN;NaN;NaN;NaN;NaN;NaN;NaN;2024-11-14 08:00:00+00:00;NaN;NaN;NaN
2024-11-14;10;NaN;NaN;NaN;NaN;NaN;NaN;NaN;NaN;NaN;NaN;2024-11-14 09:00:00+00:00;NaN;NaN;NaN
2024-11-14;11;NaN;NaN;NaN;NaN;NaN;NaN;NaN;NaN;NaN;NaN;2024-11-14 10:00:00+00:00;NaN;NaN;NaN
2024-11-14;12;NaN;NaN;NaN;NaN;NaN;NaN;NaN;NaN;NaN;NaN;2024-11-14 11:00:00+00:00;NaN;NaN;NaN
2024-11-14;13;NaN;NaN;NaN;NaN;NaN;NaN;NaN;NaN;NaN;NaN;2024-11-14 12:00:00+00:00;NaN;NaN;NaN
2024-11-14;14;NaN;NaN;NaN;NaN;NaN;NaN;NaN;NaN;NaN;NaN;2024-11-14 13:00:00+00:00;NaN;NaN;NaN
2024-11-14;15;NaN;NaN;NaN;NaN;NaN;NaN;NaN;NaN;NaN;NaN;2024-11-14 14:00:00+00:00;NaN;NaN;NaN
2024-11-14;16;NaN;NaN;NaN;NaN;NaN;NaN;NaN;NaN;NaN;NaN;2024-11-14 15:00:00+00:00;NaN;NaN;NaN
2024-11-14;17;NaN;NaN;NaN;NaN;NaN;NaN;NaN;NaN;NaN;NaN;2024-11-14 16:00:00+00:00;NaN;NaN;NaN
2024-11-14;18;NaN;NaN;NaN;NaN;NaN;NaN;NaN;NaN;NaN;NaN;2024-11-14 17:00:00+00:00;NaN;NaN;NaN
2024-11-14;19;NaN;NaN;NaN;NaN;NaN;NaN;NaN;NaN;NaN;NaN;2024-11-14 18:00:00+00:00;NaN;NaN;NaN
2024-11-14;20;NaN;NaN;NaN;NaN;NaN;NaN;NaN;NaN;NaN;NaN;2024-11-14 19:00:00+00:00;NaN;NaN;NaN
2024-11-14;21;NaN;NaN;NaN;NaN;NaN;NaN;NaN;NaN;NaN;NaN;2024-11-14 20:00:00+00:00;NaN;NaN;NaN
2024-11-14;22;NaN;NaN;NaN;NaN;NaN;NaN;NaN;NaN;NaN;NaN;2024-11-14 21:00:00+00:00;NaN;NaN;NaN
2024-11-14;23;NaN;NaN;NaN;NaN;NaN;NaN;NaN;NaN;NaN;NaN;2024-11-14 22:00:00+00:00;NaN;NaN;NaN
2024-11-14;0;100.00;0.59;-1.33;0.00;0.94;2024-11-14 00:00:00+01:00;11.00;60.00;0.00;60.00;2024-11-13 23:00:00+00:00;61.00;NaN;61.00
2024-11-14;1;100.00;0.50;0.00;0.00;0.94;2024-11-14 01:00:00+01:00;11.00;49.00;3.00;46.00;2024-11-14 00:00:00+00:00;59.00;58.00;59.00
2024-11-14;2;92.00;0.50;0.00;0.00;0.94;2024-11-14 02:00:00+01:00;11.00;23.00;1.00;22.00;2024-11-14 01:00:00+00:00;62.00;62.00;62.00
2024-11-14;3;92.00;0.50;0.00;0.00;0.94;2024-11-14 03:00:00+01:00;11.00;24.00;2.00;22.00;2024-11-14 02:00:00+00:00;67.00;68.00;67.00
2024-11-14;4;100.00;0.50;0.00;0.00;0.94;2024-11-14 04:00:00+01:00;11.00;58.00;8.00;50.00;2024-11-14 03:00:00+00:00;62.00;65.00;62.00
2024-11-14;5;100.00;0.50;0.00;0.00;0.94;2024-11-14 05:00:00+01:00;11.00;99.00;9.00;90.00;2024-11-14 04:00:00+00:00;58.00;58.00;58.00
2024-11-14;6;100.00;0.50;0.00;0.00;0.94;2024-11-14 06:00:00+01:00;11.00;200.00;5.00;195.00;2024-11-14 05:00:00+00:00;51.00;50.00;51.00
2024-11-14;7;100.00;0.50;0.00;0.00;0.94;2024-11-14 07:00:00+01:00;11.00;382.00;9.00;373.00;2024-11-14 06:00:00+00:00;46.00;47.00;46.00
2024-11-14;8;100.00;0.50;0.00;0.00;0.94;2024-11-14 08:00:00+01:00;11.00;360.00;5.00;355.00;2024-11-14 07:00:00+00:00;47.00;47.00;47.00
2024-11-14;9;100.00;0.50;0.00;0.00;0.94;2024-11-14 09:00:00+01:00;11.00;367.00;8.00;359.00;2024-11-14 08:00:00+00:00;44.00;44.00;44.00
2024-11-14;10;100.00;0.50;0.00;0.00;0.94;2024-11-14 10:00:00+01:00;11.00;394.00;5.00;389.00;2024-11-14 09:00:00+00:00;44.00;45.00;44.00
2024-11-14;11;100.00;0.50;0.00;0.00;0.94;2024-11-14 11:00:00+01:00;11.00;434.00;9.00;425.00;2024-11-14 10:00:00+00:00;45.00;43.00;45.00
2024-11-14;12;100.00;0.50;0.00;0.00;0.94;2024-11-14 12:00:00+01:00;11.00;511.00;14.00;497.00;2024-11-14 11:00:00+00:00;41.00;34.00;41.00
2024-11-14;13;100.00;0.50;0.00;0.00;0.94;2024-11-14 13:00:00+01:00;11.00;566.00;21.00;545.00;2024-11-14 12:00:00+00:00;42.00;41.00;42.00
2024-11-14;14;100.00;0.50;0.00;0.00;0.94;2024-11-14 14:00:00+01:00;11.00;580.00;11.00;569.00;2024-11-14 13:00:00+00:00;41.00;40.00;41.00
2024-11-14;15;100.00;0.50;0.00;0.00;0.94;2024-11-14 15:00:00+01:00;11.00;614.00;4.00;610.00;2024-11-14 14:00:00+00:00;41.00;40.00;41.00
2024-11-14;16;100.00;0.50;0.00;0.00;0.94;2024-11-14 16:00:00+01:00;11.00;570.00;17.00;553.00;2024-11-14 15:00:00+00:00;38.00;35.00;38.00
2024-11-14;17;100.00;0.50;0.00;0.00;0.94;2024-11-14 17:00:00+01:00;11.00;592.00;14.00;578.00;2024-11-14 16:00:00+00:00;44.00;43.00;44.00
2024-11-14;18;100.00;0.50;0.00;0.00;0.94;2024-11-14 18:00:00+01:00;11.00;541.00;11.00;530.00;2024-11-14 17:00:00+00:00;49.00;49.00;49.00
2024-11-14;19;100.00;0.50;0.00;0.00;0.94;2024-11-14 19:00:00+01:00;11.00;479.00;13.00;466.00;2024-11-14 18:00:00+00:00;52.00;53.00;52.00
2024-11-14;20;100.00;0.50;0.00;0.00;0.94;2024-11-14 20:00:00+01:00;11.00;346.00;8.00;338.00;2024-11-14 19:00:00+00:00;54.00;53.00;54.00
2024-11-14;21;100.00;0.50;0.00;0.00;0.94;2024-11-14 21:00:00+01:00;11.00;266.00;3.00;263.00;2024-11-14 20:00:00+00:00;58.00;57.00;58.00
2024-11-14;22;100.00;0.50;0.00;0.00;0.94;2024-11-14 22:00:00+01:00;11.00;222.00;5.00;217.00;2024-11-14 21:00:00+00:00;58.00;59.00;58.00
2024-11-14;23;92.00;0.50;0.00;0.00;0.94;2024-11-14 23:00:00+01:00;11.00;168.00;4.00;164.00;2024-11-14 22:00:00+00:00;53.00;54.00;53.00
2024-11-15;0;NaN;NaN;NaN;NaN;NaN;NaN;NaN;NaN;NaN;NaN;2024-11-14 23:00:00+00:00;NaN;NaN;NaN
2024-11-15;1;NaN;NaN;NaN;NaN;NaN;NaN;NaN;NaN;NaN;NaN;2024-11-15 00:00:00+00:00;NaN;NaN;NaN
2024-11-15;2;NaN;NaN;NaN;NaN;NaN;NaN;NaN;NaN;NaN;NaN;2024-11-15 01:00:00+00:00;NaN;NaN;NaN
2024-11-15;3;NaN;NaN;NaN;NaN;NaN;NaN;NaN;NaN;NaN;NaN;2024-11-15 02:00:00+00:00;NaN;NaN;NaN
2024-11-15;4;NaN;NaN;NaN;NaN;NaN;NaN;NaN;NaN;NaN;NaN;2024-11-15 03:00:00+00:00;NaN;NaN;NaN
2024-11-15;5;NaN;NaN;NaN;NaN;NaN;NaN;NaN;NaN;NaN;NaN;2024-11-15 04:00:00+00:00;NaN;NaN;NaN
2024-11-15;6;NaN;NaN;NaN;NaN;NaN;NaN;NaN;NaN;NaN;NaN;2024-11-15 05:00:00+00:00;NaN;NaN;NaN
2024-11-15;7;NaN;NaN;NaN;NaN;NaN;NaN;NaN;NaN;NaN;NaN;2024-11-15 06:00:00+00:00;NaN;NaN;NaN
2024-11-15;8;NaN;NaN;NaN;NaN;NaN;NaN;NaN;NaN;NaN;NaN;2024-11-15 07:00:00+00:00;NaN;NaN;NaN
2024-11-15;9;NaN;NaN;NaN;NaN;NaN;NaN;NaN;NaN;NaN;NaN;2024-11-15 08:00:00+00:00;NaN;NaN;NaN
2024-11-15;10;NaN;NaN;NaN;NaN;NaN;NaN;NaN;NaN;NaN;NaN;2024-11-15 09:00:00+00:00;NaN;NaN;NaN
2024-11-15;11;NaN;NaN;NaN;NaN;NaN;NaN;NaN;NaN;NaN;NaN;2024-11-15 10:00:00+00:00;NaN;NaN;NaN
2024-11-15;12;NaN;NaN;NaN;NaN;NaN;NaN;NaN;NaN;NaN;NaN;2024-11-15 11:00:00+00:00;NaN;NaN;NaN
2024-11-15;13;NaN;NaN;NaN;NaN;NaN;NaN;NaN;NaN;NaN;NaN;2024-11-15 12:00:00+00:00;NaN;NaN;NaN
2024-11-15;14;NaN;NaN;NaN;NaN;NaN;NaN;NaN;NaN;NaN;NaN;2024-11-15 13:00:00+00:00;NaN;NaN;NaN
2024-11-15;15;NaN;NaN;NaN;NaN;NaN;NaN;NaN;NaN;NaN;NaN;2024-11-15 14:00:00+00:00;NaN;NaN;NaN
2024-11-15;16;NaN;NaN;NaN;NaN;NaN;NaN;NaN;NaN;NaN;NaN;2024-11-15 15:00:00+00:00;NaN;NaN;NaN
2024-11-15;17;NaN;NaN;NaN;NaN;NaN;NaN;NaN;NaN;NaN;NaN;2024-11-15 16:00:00+00:00;NaN;NaN;NaN
2024-11-15;18;NaN;NaN;NaN;NaN;NaN;NaN;NaN;NaN;NaN;NaN;2024-11-15 17:00:00+00:00;NaN;NaN;NaN
2024-11-15;19;NaN;NaN;NaN;NaN;NaN;NaN;NaN;NaN;NaN;NaN;2024-11-15 18:00:00+00:00;NaN;NaN;NaN
2024-11-15;20;NaN;NaN;NaN;NaN;NaN;NaN;NaN;NaN;NaN;NaN;2024-11-15 19:00:00+00:00;NaN;NaN;NaN
2024-11-15;21;NaN;NaN;NaN;NaN;NaN;NaN;NaN;NaN;NaN;NaN;2024-11-15 20:00:00+00:00;NaN;NaN;NaN
2024-11-15;22;NaN;NaN;NaN;NaN;NaN;NaN;NaN;NaN;NaN;NaN;2024-11-15 21:00:00+00:00;NaN;NaN;NaN
2024-11-15;23;NaN;NaN;NaN;NaN;NaN;NaN;NaN;NaN;NaN;NaN;2024-11-15 22:00:00+00:00;NaN;NaN;NaN
2024-11-15;0;100.00;0.50;0.00;0.00;0.94;2024-11-15 00:00:00+01:00;11.00;77.00;0.00;77.00;2024-11-14 23:00:00+00:00;59.00;NaN;59.00
2024-11-15;1;83.00;0.36;0.00;0.00;0.93;2024-11-15 01:00:00+01:00;11.00;48.00;0.00;48.00;2024-11-15 00:00:00+00:00;57.00;NaN;57.00
2024-11-15;2;75.00;0.36;0.00;0.00;0.93;2024-11-15 02:00:00+01:00;11.00;33.00;1.00;32.00;2024-11-15 01:00:00+00:00;52.00;66.00;51.00
2024-11-15;3;100.00;0.36;0.00;0.00;0.93;2024-11-15 03:00:00+01:00;11.00;35.00;3.00;32.00;2024-11-15 02:00:00+00:00;69.00;67.00;69.00
2024-11-15;4;100.00;0.36;0.00;0.00;0.93;2024-11-15 04:00:00+01:00;11.00;78.00;5.00;73.00;2024-11-15 03:00:00+00:00;59.00;57.00;59.00
2024-11-15;5;100.00;0.36;0.00;0.00;0.93;2024-11-15 05:00:00+01:00;11.00;114.00;5.00;109.00;2024-11-15 04:00:00+00:00;60.00;55.00;60.00
2024-11-15;6;100.00;0.36;0.00;0.00;0.93;2024-11-15 06:00:00+01:00;11.00;215.00;3.00;212.00;2024-11-15 05:00:00+00:00;47.00;47.00;47.00
2024-11-15;7;100.00;0.36;0.00;0.00;0.93;2024-11-15 07:00:00+01:00;11.00;362.00;11.00;351.00;2024-11-15 06:00:00+00:00;44.00;44.00;44.00
2024-11-15;8;100.00;0.36;0.00;0.00;0.93;2024-11-15 08:00:00+01:00;11.00;404.00;17.00;387.00;2024-11-15 07:00:00+00:00;44.00;43.00;44.00
2024-11-15;9;100.00;0.36;0.00;0.00;0.93;2024-11-15 09:00:00+01:00;11.00;390.00;15.00;375.00;2024-11-15 08:00:00+00:00;42.00;41.00;42.00
2024-11-15;10;100.00;0.36;0.00;0.00;0.93;2024-11-15 10:00:00+01:00;11.00;467.00;12.00;455.00;2024-11-15 09:00:00+00:00;43.00;43.00;43.00
2024-11-15;11;100.00;0.36;0.00;0.00;0.93;2024-11-15 11:00:00+01:00;11.00;520.00;12.00;508.00;2024-11-15 10:00:00+00:00;43.00;43.00;43.00
2024-11-15;12;100.00;0.36;0.00;0.00;0.93;2024-11-15 12:00:00+01:00;11.00;555.00;13.00;542.00;2024-11-15 11:00:00+00:00;42.00;43.00;42.00
2024-11-15;13;100.00;0.36;0.00;0.00;0.93;2024-11-15 13:00:00+01:00;11.00;606.00;10.00;596.00;2024-11-15 12:00:00+00:00;43.00;45.00;43.00
2024-11-15;14;100.00;0.36;0.00;0.00;0.93;2024-11-15 14:00:00+01:00;11.00;611.00;15.00;596.00;2024-11-15 13:00:00+00:00;39.00;38.00;39.00
2024-11-15;15;100.00;0.36;0.00;0.00;0.93;2024-11-15 15:00:00+01:00;11.00;610.00;8.00;602.00;2024-11-15 14:00:00+00:00;43.00;42.00;43.00
2024-11-15;16;100.00;0.36;0.00;0.00;0.93;2024-11-15 16:00:00+01:00;11.00;608.00;8.00;600.00;2024-11-15 15:00:00+00:00;44.00;44.00;44.00
2024-11-15;17;92.00;0.36;0.00;0.00;0.93;2024-11-15 17:00:00+01:00;11.00;541.00;7.00;535.00;2024-11-15 16:00:00+00:00;47.00;47.00;47.00
2024-11-15;18;100.00;0.36;0.00;0.00;0.93;2024-11-15 18:00:00+01:00;11.00;525.00;2.00;523.00;2024-11-15 17:00:00+00:00;53.00;52.00;53.00
2024-11-15;19;100.00;0.36;0.00;0.00;0.93;2024-11-15 19:00:00+01:00;11.00;424.00;3.00;421.00;2024-11-15 18:00:00+00:00;55.00;55.00;55.00
2024-11-15;20;100.00;0.36;0.00;0.00;0.93;2024-11-15 20:00:00+01:00;11.00;360.00;6.00;354.00;2024-11-15 19:00:00+00:00;55.00;54.00;55.00
2024-11-15;21;100.00;0.36;0.00;0.00;0.93;2024-11-15 21:00:00+01:00;11.00;251.00;5.00;246.00;2024-11-15 20:00:00+00:00;56.00;56.00;56.00
2024-11-15;22;100.00;0.36;0.00;0.00;0.93;2024-11-15 22:00:00+01:00;11.00;282.00;6.00;276.00;2024-11-15 21:00:00+00:00;58.00;58.00;58.00
2024-11-15;23;100.00;0.36;0.00;0.00;0.93;2024-11-15 23:00:00+01:00;11.00;242.00;3.00;239.00;2024-11-15 22:00:00+00:00;59.00;59.00;59.00
2024-11-16;0;NaN;NaN;NaN;NaN;NaN;NaN;NaN;NaN;NaN;NaN;2024-11-15 23:00:00+00:00;NaN;NaN;NaN
2024-11-16;1;NaN;NaN;NaN;NaN;NaN;NaN;NaN;NaN;NaN;NaN;2024-11-16 00:00:00+00:00;NaN;NaN;NaN
2024-11-16;2;NaN;NaN;NaN;NaN;NaN;NaN;NaN;NaN;NaN;NaN;2024-11-16 01:00:00+00:00;NaN;NaN;NaN
2024-11-16;3;NaN;NaN;NaN;NaN;NaN;NaN;NaN;NaN;NaN;NaN;2024-11-16 02:00:00+00:00;NaN;NaN;NaN
2024-11-16;4;NaN;NaN;NaN;NaN;NaN;NaN;NaN;NaN;NaN;NaN;2024-11-16 03:00:00+00:00;NaN;NaN;NaN
2024-11-16;5;NaN;NaN;NaN;NaN;NaN;NaN;NaN;NaN;NaN;NaN;2024-11-16 04:00:00+00:00;NaN;NaN;NaN
2024-11-16;6;NaN;NaN;NaN;NaN;NaN;NaN;NaN;NaN;NaN;NaN;2024-11-16 05:00:00+00:00;NaN;NaN;NaN
2024-11-16;7;NaN;NaN;NaN;NaN;NaN;NaN;NaN;NaN;NaN;NaN;2024-11-16 06:00:00+00:00;NaN;NaN;NaN
2024-11-16;8;NaN;NaN;NaN;NaN;NaN;NaN;NaN;NaN;NaN;NaN;2024-11-16 07:00:00+00:00;NaN;NaN;NaN
2024-11-16;9;NaN;NaN;NaN;NaN;NaN;NaN;NaN;NaN;NaN;NaN;2024-11-16 08:00:00+00:00;NaN;NaN;NaN
2024-11-16;10;NaN;NaN;NaN;NaN;NaN;NaN;NaN;NaN;NaN;NaN;2024-11-16 09:00:00+00:00;NaN;NaN;NaN
2024-11-16;11;NaN;NaN;NaN;NaN;NaN;NaN;NaN;NaN;NaN;NaN;2024-11-16 10:00:00+00:00;NaN;NaN;NaN
2024-11-16;12;NaN;NaN;NaN;NaN;NaN;NaN;NaN;NaN;NaN;NaN;2024-11-16 11:00:00+00:00;NaN;NaN;NaN
2024-11-16;13;NaN;NaN;NaN;NaN;NaN;NaN;NaN;NaN;NaN;NaN;2024-11-16 12:00:00+00:00;NaN;NaN;NaN
2024-11-16;14;NaN;NaN;NaN;NaN;NaN;NaN;NaN;NaN;NaN;NaN;2024-11-16 13:00:00+00:00;NaN;NaN;NaN
2024-11-16;15;NaN;NaN;NaN;NaN;NaN;NaN;NaN;NaN;NaN;NaN;2024-11-16 14:00:00+00:00;NaN;NaN;NaN
2024-11-16;16;NaN;NaN;NaN;NaN;NaN;NaN;NaN;NaN;NaN;NaN;2024-11-16 15:00:00+00:00;NaN;NaN;NaN
2024-11-16;17;NaN;NaN;NaN;NaN;NaN;NaN;NaN;NaN;NaN;NaN;2024-11-16 16:00:00+00:00;NaN;NaN;NaN
2024-11-16;18;NaN;NaN;NaN;NaN;NaN;NaN;NaN;NaN;NaN;NaN;2024-11-16 17:00:00+00:00;NaN;NaN;NaN
2024-11-16;19;NaN;NaN;NaN;NaN;NaN;NaN;NaN;NaN;NaN;NaN;2024-11-16 18:00:00+00:00;NaN;NaN;NaN
2024-11-16;20;NaN;NaN;NaN;NaN;NaN;NaN;NaN;NaN;NaN;NaN;2024-11-16 19:00:00+00:00;NaN;NaN;NaN
2024-11-16;21;NaN;NaN;NaN;NaN;NaN;NaN;NaN;NaN;NaN;NaN;2024-11-16 20:00:00+00:00;NaN;NaN;NaN
2024-11-16;22;NaN;NaN;NaN;NaN;NaN;NaN;NaN;NaN;NaN;NaN;2024-11-16 21:00:00+00:00;NaN;NaN;NaN
2024-11-16;23;NaN;NaN;NaN;NaN;NaN;NaN;NaN;NaN;NaN;NaN;2024-11-16 22:00:00+00:00;NaN;NaN;NaN
2024-11-16;0;100.00;0.36;0.00;0.00;0.93;2024-11-16 00:00:00+01:00;11.00;158.00;2.00;156.00;2024-11-15 23:00:00+00:00;58.00;54.00;58.00
2024-11-16;1;100.00;0.56;0.00;0.00;0.94;2024-11-16 01:00:00+01:00;11.00;105.00;0.00;105.00;2024-11-16 00:00:00+00:00;64.00;NaN;64.00
2024-11-16;2;100.00;0.56;0.00;0.00;0.94;2024-11-16 02:00:00+01:00;11.00;81.00;0.00;81.00;2024-11-16 01:00:00+00:00;63.00;NaN;63.00
2024-11-16;3;100.00;0.56;0.00;0.00;0.94;2024-11-16 03:00:00+01:00;11.00;52.00;3.00;49.00;2024-11-16 02:00:00+00:00;69.00;76.00;68.00
2024-11-16;4;100.00;0.56;0.00;0.00;0.94;2024-11-16 04:00:00+01:00;11.00;56.00;2.00;54.00;2024-11-16 03:00:00+00:00;70.00;70.00;70.00
2024-11-16;5;100.00;0.56;0.00;0.00;0.94;2024-11-16 05:00:00+01:00;11.00;66.00;6.00;60.00;2024-11-16 04:00:00+00:00;61.00;58.00;61.00
2024-11-16;6;100.00;0.56;0.00;0.00;0.94;2024-11-16 06:00:00+01:00;11.00;77.00;6.00;71.00;2024-11-16 05:00:00+00:00;51.00;50.00;51.00
2024-11-16;7;100.00;0.56;0.00;0.00;0.94;2024-11-16 07:00:00+01:00;11.00;110.00;5.00;105.00;2024-11-16 06:00:00+00:00;56.00;56.00;56.00
2024-11-16;8;100.00;0.56;0.00;0.00;0.94;2024-11-16 08:00:00+01:00;11.00;147.00;4.00;143.00;2024-11-16 07:00:00+00:00;55.00;54.00;55.00
2024-11-16;9;100.00;0.56;0.00;0.00;0.94;2024-11-16 09:00:00+01:00;11.00;301.00;9.00;292.00;2024-11-16 08:00:00+00:00;54.00;54.00;54.00
2024-11-16;10;100.00;0.56;0.00;0.00;0.94;2024-11-16 10:00:00+01:00;11.00;408.00;13.00;395.00;2024-11-16 09:00:00+00:00;51.00;53.00;51.00
2024-11-16;11;100.00;0.56;0.00;0.00;0.94;2024-11-16 11:00:00+01:00;11.00;483.00;11.00;472.00;2024-11-16 10:00:00+00:00;50.00;51.00;50.00
2024-11-16;12;100.00;0.56;0.00;0.00;0.94;2024-11-16 12:00:00+01:00;11.00;571.00;8.00;563.00;2024-11-16 11:00:00+00:00;49.00;52.00;49.00
2024-11-16;13;100.00;0.56;0.00;0.00;0.94;2024-11-16 13:00:00+01:00;11.00;561.00;8.00;553.00;2024-11-16 12:00:00+00:00;52.00;52.00;52.00
2024-11-16;14;100.00;0.56;0.00;0.00;0.94;2024-11-16 14:00:00+01:00;11.00;610.00;13.00;597.00;2024-11-16 13:00:00+00:00;52.00;52.00;52.00
2024-11-16;15;100.00;0.56;0.00;0.00;0.94;2024-11-16 15:00:00+01:00;11.00;542.00;6.00;536.00;2024-11-16 14:00:00+00:00;51.00;51.00;51.00
2024-11-16;16;100.00;0.56;0.00;0.00;0.94;2024-11-16 16:00:00+01:00;11.00;531.00;10.00;521.00;2024-11-16 15:00:00+00:00;49.00;50.00;49.00
2024-11-16;17;100.00;0.56;0.00;0.00;0.94;2024-11-16 17:00:00+01:00;11.00;478.00;13.00;465.00;2024-11-16 16:00:00+00:00;50.00;50.00;50.00
2024-11-16;18;100.00;0.56;0.00;0.00;0.94;2024-11-16 18:00:00+01:00;11.00;444.00;9.00;435.00;2024-11-16 17:00:00+00:00;52.00;53.00;52.00
2024-11-16;19;100.00;0.56;0.00;0.00;0.94;2024-11-16 19:00:00+01:00;11.00;394.00;10.00;384.00;2024-11-16 18:00:00+00:00;52.00;54.00;52.00
2024-11-16;20;100.00;0.56;0.00;0.00;0.94;2024-11-16 20:00:00+01:00;11.00;328.00;3.00;325.00;2024-11-16 19:00:00+00:00;56.00;53.00;56.00
2024-11-16;21;100.00;0.56;0.00;0.00;0.94;2024-11-16 21:00:00+01:00;11.00;271.00;3.00;268.00;2024-11-16 20:00:00+00:00;54.00;56.00;54.00
2024-11-16;22;100.00;0.56;0.00;0.00;0.94;2024-11-16 22:00:00+01:00;11.00;249.00;3.00;246.00;2024-11-16 21:00:00+00:00;56.00;55.00;56.00
2024-11-16;23;100.00;0.56;0.00;0.00;0.94;2024-11-16 23:00:00+01:00;11.00;234.00;2.00;232.00;2024-11-16 22:00:00+00:00;54.00;51.00;54.00
2024-11-17;0;NaN;NaN;NaN;NaN;NaN;NaN;NaN;NaN;NaN;NaN;2024-11-16 23:00:00+00:00;NaN;NaN;NaN
2024-11-17;1;NaN;NaN;NaN;NaN;NaN;NaN;NaN;NaN;NaN;NaN;2024-11-17 00:00:00+00:00;NaN;NaN;NaN
2024-11-17;2;NaN;NaN;NaN;NaN;NaN;NaN;NaN;NaN;NaN;NaN;2024-11-17 01:00:00+00:00;NaN;NaN;NaN
2024-11-17;3;NaN;NaN;NaN;NaN;NaN;NaN;NaN;NaN;NaN;NaN;2024-11-17 02:00:00+00:00;NaN;NaN;NaN
2024-11-17;4;NaN;NaN;NaN;NaN;NaN;NaN;NaN;NaN;NaN;NaN;2024-11-17 03:00:00+00:00;NaN;NaN;NaN
2024-11-17;5;NaN;NaN;NaN;NaN;NaN;NaN;NaN;NaN;NaN;NaN;2024-11-17 04:00:00+00:00;NaN;NaN;NaN
2024-11-17;6;NaN;NaN;NaN;NaN;NaN;NaN;NaN;NaN;NaN;NaN;2024-11-17 05:00:00+00:00;NaN;NaN;NaN
2024-11-17;7;NaN;NaN;NaN;NaN;NaN;NaN;NaN;NaN;NaN;NaN;2024-11-17 06:00:00+00:00;NaN;NaN;NaN
2024-11-17;8;NaN;NaN;NaN;NaN;NaN;NaN;NaN;NaN;NaN;NaN;2024-11-17 07:00:00+00:00;NaN;NaN;NaN
2024-11-17;9;NaN;NaN;NaN;NaN;NaN;NaN;NaN;NaN;NaN;NaN;2024-11-17 08:00:00+00:00;NaN;NaN;NaN
2024-11-17;10;NaN;NaN;NaN;NaN;NaN;NaN;NaN;NaN;NaN;NaN;2024-11-17 09:00:00+00:00;NaN;NaN;NaN
2024-11-17;11;NaN;NaN;NaN;NaN;NaN;NaN;NaN;NaN;NaN;NaN;2024-11-17 10:00:00+00:00;NaN;NaN;NaN
2024-11-17;12;NaN;NaN;NaN;NaN;NaN;NaN;NaN;NaN;NaN;NaN;2024-11-17 11:00:00+00:00;NaN;NaN;NaN
2024-11-17;13;NaN;NaN;NaN;NaN;NaN;NaN;NaN;NaN;NaN;NaN;2024-11-17 12:00:00+00:00;NaN;NaN;NaN
2024-11-17;14;NaN;NaN;NaN;NaN;NaN;NaN;NaN;NaN;NaN;NaN;2024-11-17 13:00:00+00:00;NaN;NaN;NaN
2024-11-17;15;NaN;NaN;NaN;NaN;NaN;NaN;NaN;NaN;NaN;NaN;2024-11-17 14:00:00+00:00;NaN;NaN;NaN
2024-11-17;16;NaN;NaN;NaN;NaN;NaN;NaN;NaN;NaN;NaN;NaN;2024-11-17 15:00:00+00:00;NaN;NaN;NaN
2024-11-17;17;NaN;NaN;NaN;NaN;NaN;NaN;NaN;NaN;NaN;NaN;2024-11-17 16:00:00+00:00;NaN;NaN;NaN
2024-11-17;18;NaN;NaN;NaN;NaN;NaN;NaN;NaN;NaN;NaN;NaN;2024-11-17 17:00:00+00:00;NaN;NaN;NaN
2024-11-17;19;NaN;NaN;NaN;NaN;NaN;NaN;NaN;NaN;NaN;NaN;2024-11-17 18:00:00+00:00;NaN;NaN;NaN
2024-11-17;20;NaN;NaN;NaN;NaN;NaN;NaN;NaN;NaN;NaN;NaN;2024-11-17 19:00:00+00:00;NaN;NaN;NaN
2024-11-17;21;NaN;NaN;NaN;NaN;NaN;NaN;NaN;NaN;NaN;NaN;2024-11-17 20:00:00+00:00;NaN;NaN;NaN
2024-11-17;22;NaN;NaN;NaN;NaN;NaN;NaN;NaN;NaN;NaN;NaN;2024-11-17 21:00:00+00:00;NaN;NaN;NaN
2024-11-17;23;NaN;NaN;NaN;NaN;NaN;NaN;NaN;NaN;NaN;NaN;2024-11-17 22:00:00+00:00;NaN;NaN;NaN
2024-11-17;0;100.00;0.56;0.00;0.00;0.94;2024-11-17 00:00:00+01:00;11.00;157.00;1.00;156.00;2024-11-16 23:00:00+00:00;56.00;68.00;56.00
2024-11-17;1;100.00;-0.12;-1.33;0.00;0.91;2024-11-17 01:00:00+01:00;11.00;125.00;1.00;124.00;2024-11-17 00:00:00+00:00;56.00;54.00;56.00
2024-11-17;2;100.00;-0.12;-1.33;0.00;0.91;2024-11-17 02:00:00+01:00;11.00;81.00;0.00;81.00;2024-11-17 01:00:00+00:00;62.00;NaN;62.00
2024-11-17;3;100.00;-0.12;-1.33;0.00;0.91;2024-11-17 03:00:00+01:00;11.00;69.00;3.00;66.00;2024-11-17 02:00:00+00:00;57.00;53.00;58.00
2024-11-17;4;100.00;-0.12;-1.33;0.00;0.91;2024-11-17 04:00:00+01:00;11.00;44.00;2.00;42.00;2024-11-17 03:00:00+00:00;58.00;62.00;58.00
2024-11-17;5;100.00;-0.12;-1.33;0.00;0.91;2024-11-17 05:00:00+01:00;11.00;34.00;2.00;32.00;2024-11-17 04:00:00+00:00;60.00;56.00;60.00
2024-11-17;6;100.00;-0.12;-1.33;0.00;0.91;2024-11-17 06:00:00+01:00;11.00;47.00;3.00;44.00;2024-11-17 05:00:00+00:00;62.00;64.00;62.00
2024-11-17;7;100.00;-0.12;-1.33;0.00;0.91;2024-11-17 07:00:00+01:00;11.00;40.00;3.00;37.00;2024-11-17 06:00:00+00:00;55.00;53.00;55.00
2024-11-17;8;100.00;-0.12;-1.33;0.00;0.91;2024-11-17 08:00:00+01:00;11.00;71.00;5.00;66.00;2024-11-17 07:00:00+00:00;55.00;60.00;55.00
2024-11-17;9;100.00;-0.12;-1.33;0.00;0.91;2024-11-17 09:00:00+01:00;11.00;143.00;4.00;139.00;2024-11-17 08:00:00+00:00;56.00;56.00;56.00
2024-11-17;10;100.00;-0.12;-1.33;0.00;0.91;2024-11-17 10:00:00+01:00;11.00;219.00;8.00;211.00;2024-11-17 09:00:00+00:00;56.00;56.00;56.00
2024-11-17;11;100.00;-0.12;-1.33;0.00;0.91;2024-11-17 11:00:00+01:00;11.00;301.00;7.00;294.00;2024-11-17 10:00:00+00:00;55.00;56.00;55.00
2024-11-17;12;100.00;-0.12;-1.33;0.00;0.91;2024-11-17 12:00:00+01:00;11.00;345.00;4.00;341.00;2024-11-17 11:00:00+00:00;53.00;52.00;53.00
2024-11-17;13;100.00;-0.12;-1.33;0.00;0.91;2024-11-17 13:00:00+01:00;11.00;418.00;7.00;411.00;2024-11-17 12:00:00+00:00;52.00;52.00;52.00
2024-11-17;14;100.00;-0.12;-1.33;0.00;0.91;2024-11-17 14:00:00+01:00;11.00;431.00;8.00;423.00;2024-11-17 13:00:00+00:00;50.00;50.00;50.00
2024-11-17;15;100.00;-0.12;-1.33;0.00;0.91;2024-11-17 15:00:00+01:00;11.00;388.00;8.00;380.00;2024-11-17 14:00:00+00:00;50.00;48.00;50.00
2024-11-17;16;100.00;-0.12;-1.33;0.00;0.91;2024-11-17 16:00:00+01:00;11.00;409.00;5.00;404.00;2024-11-17 15:00:00+00:00;49.00;48.00;49.00
2024-11-17;17;100.00;-0.12;-1.33;0.00;0.91;2024-11-17 17:00:00+01:00;11.00;427.00;7.00;420.00;2024-11-17 16:00:00+00:00;49.00;50.00;49.00
2024-11-17;18;100.00;-0.12;-1.33;0.00;0.91;2024-11-17 18:00:00+01:00;11.00;392.00;8.00;384.00;2024-11-17 17:00:00+00:00;49.00;51.00;49.00
2024-11-17;19;100.00;-0.12;-1.33;0.00;0.91;2024-11-17 19:00:00+01:00;11.00;325.00;6.00;319.00;2024-11-17 18:00:00+00:00;55.00;55.00;55.00
2024-11-17;20;100.00;-0.12;-1.33;0.00;0.91;2024-11-17 20:00:00+01:00;11.00;239.00;4.00;235.00;2024-11-17 19:00:00+00:00;57.00;58.00;57.00
2024-11-17;21;100.00;-0.12;-1.33;0.00;0.91;2024-11-17 21:00:00+01:00;11.00;197.00;5.00;192.00;2024-11-17 20:00:00+00:00;56.00;57.00;56.00
2024-11-17;22;100.00;-0.12;-1.33;0.00;0.91;2024-11-17 22:00:00+01:00;11.00;152.00;4.00;148.00;2024-11-17 21:00:00+00:00;56.00;54.00;56.00
2024-11-17;23;100.00;-0.12;-1.33;0.00;0.91;2024-11-17 23:00:00+01:00;11.00;110.00;4.00;106.00;2024-11-17 22:00:00+00:00;53.00;56.00;53.00
2024-11-18;0;NaN;NaN;NaN;NaN;NaN;NaN;NaN;NaN;NaN;NaN;2024-11-17 23:00:00+00:00;NaN;NaN;NaN
2024-11-18;1;NaN;NaN;NaN;NaN;NaN;NaN;NaN;NaN;NaN;NaN;2024-11-18 00:00:00+00:00;NaN;NaN;NaN
2024-11-18;2;NaN;NaN;NaN;NaN;NaN;NaN;NaN;NaN;NaN;NaN;2024-11-18 01:00:00+00:00;NaN;NaN;NaN
2024-11-18;3;NaN;NaN;NaN;NaN;NaN;NaN;NaN;NaN;NaN;NaN;2024-11-18 02:00:00+00:00;NaN;NaN;NaN
2024-11-18;4;NaN;NaN;NaN;NaN;NaN;NaN;NaN;NaN;NaN;NaN;2024-11-18 03:00:00+00:00;NaN;NaN;NaN
2024-11-18;5;NaN;NaN;NaN;NaN;NaN;NaN;NaN;NaN;NaN;NaN;2024-11-18 04:00:00+00:00;NaN;NaN;NaN
2024-11-18;6;NaN;NaN;NaN;NaN;NaN;NaN;NaN;NaN;NaN;NaN;2024-11-18 05:00:00+00:00;NaN;NaN;NaN
2024-11-18;7;NaN;NaN;NaN;NaN;NaN;NaN;NaN;NaN;NaN;NaN;2024-11-18 06:00:00+00:00;NaN;NaN;NaN
2024-11-18;8;NaN;NaN;NaN;NaN;NaN;NaN;NaN;NaN;NaN;NaN;2024-11-18 07:00:00+00:00;NaN;NaN;NaN
2024-11-18;9;NaN;NaN;NaN;NaN;NaN;NaN;NaN;NaN;NaN;NaN;2024-11-18 08:00:00+00:00;NaN;NaN;NaN
2024-11-18;10;NaN;NaN;NaN;NaN;NaN;NaN;NaN;NaN;NaN;NaN;2024-11-18 09:00:00+00:00;NaN;NaN;NaN
2024-11-18;11;NaN;NaN;NaN;NaN;NaN;NaN;NaN;NaN;NaN;NaN;2024-11-18 10:00:00+00:00;NaN;NaN;NaN
2024-11-18;12;NaN;NaN;NaN;NaN;NaN;NaN;NaN;NaN;NaN;NaN;2024-11-18 11:00:00+00:00;NaN;NaN;NaN
2024-11-18;13;NaN;NaN;NaN;NaN;NaN;NaN;NaN;NaN;NaN;NaN;2024-11-18 12:00:00+00:00;NaN;NaN;NaN
2024-11-18;14;NaN;NaN;NaN;NaN;NaN;NaN;NaN;NaN;NaN;NaN;2024-11-18 13:00:00+00:00;NaN;NaN;NaN
2024-11-18;15;NaN;NaN;NaN;NaN;NaN;NaN;NaN;NaN;NaN;NaN;2024-11-18 14:00:00+00:00;NaN;NaN;NaN
2024-11-18;16;NaN;NaN;NaN;NaN;NaN;NaN;NaN;NaN;NaN;NaN;2024-11-18 15:00:00+00:00;NaN;NaN;NaN
2024-11-18;17;NaN;NaN;NaN;NaN;NaN;NaN;NaN;NaN;NaN;NaN;2024-11-18 16:00:00+00:00;NaN;NaN;NaN
2024-11-18;18;NaN;NaN;NaN;NaN;NaN;NaN;NaN;NaN;NaN;NaN;2024-11-18 17:00:00+00:00;NaN;NaN;NaN
2024-11-18;19;NaN;NaN;NaN;NaN;NaN;NaN;NaN;NaN;NaN;NaN;2024-11-18 18:00:00+00:00;NaN;NaN;NaN
2024-11-18;20;NaN;NaN;NaN;NaN;NaN;NaN;NaN;NaN;NaN;NaN;2024-11-18 19:00:00+00:00;NaN;NaN;NaN
2024-11-18;21;NaN;NaN;NaN;NaN;NaN;NaN;NaN;NaN;NaN;NaN;2024-11-18 20:00:00+00:00;NaN;NaN;NaN
2024-11-18;22;NaN;NaN;NaN;NaN;NaN;NaN;NaN;NaN;NaN;NaN;2024-11-18 21:00:00+00:00;NaN;NaN;NaN
2024-11-18;23;NaN;NaN;NaN;NaN;NaN;NaN;NaN;NaN;NaN;NaN;2024-11-18 22:00:00+00:00;NaN;NaN;NaN
2024-11-18;0;100.00;-0.12;-1.33;0.00;0.91;2024-11-18 00:00:00+01:00;11.00;63.00;2.00;61.00;2024-11-17 23:00:00+00:00;57.00;55.00;57.00
2024-11-18;1;100.00;0.11;0.00;0.00;0.95;2024-11-18 01:00:00+01:00;11.00;42.00;2.00;40.00;2024-11-18 00:00:00+00:00;54.00;56.00;54.00
2024-11-18;2;100.00;0.11;0.00;0.00;0.95;2024-11-18 02:00:00+01:00;11.00;24.00;1.00;23.00;2024-11-18 01:00:00+00:00;50.00;61.00;49.00
2024-11-18;3;100.00;0.11;0.00;0.00;0.95;2024-11-18 03:00:00+01:00;11.00;26.00;5.00;21.00;2024-11-18 02:00:00+00:00;67.00;68.00;67.00
2024-11-18;4;100.00;0.11;0.00;0.00;0.95;2024-11-18 04:00:00+01:00;11.00;35.00;3.00;32.00;2024-11-18 03:00:00+00:00;67.00;68.00;67.00
2024-11-18;5;100.00;0.11;0.00;0.00;0.95;2024-11-18 05:00:00+01:00;11.00;124.00;10.00;114.00;2024-11-18 04:00:00+00:00;62.00;61.00;62.00
2024-11-18;6;100.00;0.11;0.00;0.00;0.95;2024-11-18 06:00:00+01:00;11.00;198.00;8.00;190.00;2024-11-18 05:00:00+00:00;48.00;51.00;48.00
2024-11-18;7;100.00;0.11;0.00;0.00;0.95;2024-11-18 07:00:00+01:00;11.00;371.00;16.00;355.00;2024-11-18 06:00:00+00:00;45.00;44.00;45.00
2024-11-18;8;100.00;0.11;0.00;0.00;0.95;2024-11-18 08:00:00+01:00;11.00;395.00;19.00;376.00;2024-11-18 07:00:00+00:00;43.00;43.00;43.00
2024-11-18;9;100.00;0.11;0.00;0.00;0.95;2024-11-18 09:00:00+01:00;11.00;435.00;29.00;406.00;2024-11-18 08:00:00+00:00;43.00;43.00;43.00
2024-11-18;10;100.00;0.11;0.00;0.00;0.95;2024-11-18 10:00:00+01:00;11.00;457.00;30.00;427.00;2024-11-18 09:00:00+00:00;41.00;41.00;41.00
2024-11-18;11;100.00;0.11;0.00;0.00;0.95;2024-11-18 11:00:00+01:00;11.00;495.00;39.00;456.00;2024-11-18 10:00:00+00:00;43.00;43.00;43.00
2024-11-18;12;100.00;0.11;0.00;0.00;0.95;2024-11-18 12:00:00+01:00;11.00;509.00;37.00;472.00;2024-11-18 11:00:00+00:00;41.00;41.00;41.00
2024-11-18;13;100.00;0.11;0.00;0.00;0.95;2024-11-18 13:00:00+01:00;11.00;503.00;19.00;484.00;2024-11-18 12:00:00+00:00;42.00;43.00;42.00
2024-11-18;14;100.00;0.11;0.00;0.00;0.95;2024-11-18 14:00:00+01:00;11.00;633.00;27.00;606.00;2024-11-18 13:00:00+00:00;39.00;40.00;39.00
2024-11-18;15;100.00;0.11;0.00;0.00;0.95;2024-11-18 15:00:00+01:00;11.00;563.00;17.00;546.00;2024-11-18 14:00:00+00:00;39.00;39.00;39.00
2024-11-18;16;100.00;0.11;0.00;0.00;0.95;2024-11-18 16:00:00+01:00;11.00;535.00;14.00;521.00;2024-11-18 15:00:00+00:00;28.00;25.00;28.00
2024-11-18;17;100.00;0.11;0.00;0.00;0.95;2024-11-18 17:00:00+01:00;11.00;610.00;9.00;601.00;2024-11-18 16:00:00+00:00;42.00;42.00;42.00
2024-11-18;18;100.00;0.11;0.00;0.00;0.95;2024-11-18 18:00:00+01:00;11.00;534.00;7.00;527.00;2024-11-18 17:00:00+00:00;48.00;47.00;48.00
2024-11-18;19;100.00;0.11;0.00;0.00;0.95;2024-11-18 19:00:00+01:00;11.00;418.00;5.00;413.00;2024-11-18 18:00:00+00:00;49.00;50.00;49.00
2024-11-18;20;100.00;0.11;0.00;0.00;0.95;2024-11-18 20:00:00+01:00;11.00;253.00;5.00;248.00;2024-11-18 19:00:00+00:00;48.00;49.00;48.00
2024-11-18;21;100.00;0.11;0.00;0.00;0.95;2024-11-18 21:00:00+01:00;11.00;212.00;4.00;208.00;2024-11-18 20:00:00+00:00;50.00;50.00;50.00
2024-11-18;22;100.00;0.11;0.00;0.00;0.95;2024-11-18 22:00:00+01:00;11.00;183.00;6.00;177.00;2024-11-18 21:00:00+00:00;51.00;53.00;51.00
2024-11-18;23;100.00;0.11;0.00;0.00;0.95;2024-11-18 23:00:00+01:00;11.00;107.00;4.00;103.00;2024-11-18 22:00:00+00:00;51.00;51.00;50.00
2024-11-19;0;NaN;NaN;NaN;NaN;NaN;NaN;NaN;NaN;NaN;NaN;2024-11-18 23:00:00+00:00;NaN;NaN;NaN
2024-11-19;1;NaN;NaN;NaN;NaN;NaN;NaN;NaN;NaN;NaN;NaN;2024-11-19 00:00:00+00:00;NaN;NaN;NaN
2024-11-19;2;NaN;NaN;NaN;NaN;NaN;NaN;NaN;NaN;NaN;NaN;2024-11-19 01:00:00+00:00;NaN;NaN;NaN
2024-11-19;3;NaN;NaN;NaN;NaN;NaN;NaN;NaN;NaN;NaN;NaN;2024-11-19 02:00:00+00:00;NaN;NaN;NaN
2024-11-19;4;NaN;NaN;NaN;NaN;NaN;NaN;NaN;NaN;NaN;NaN;2024-11-19 03:00:00+00:00;NaN;NaN;NaN
2024-11-19;5;NaN;NaN;NaN;NaN;NaN;NaN;NaN;NaN;NaN;NaN;2024-11-19 04:00:00+00:00;NaN;NaN;NaN
2024-11-19;6;NaN;NaN;NaN;NaN;NaN;NaN;NaN;NaN;NaN;NaN;2024-11-19 05:00:00+00:00;NaN;NaN;NaN
2024-11-19;7;NaN;NaN;NaN;NaN;NaN;NaN;NaN;NaN;NaN;NaN;2024-11-19 06:00:00+00:00;NaN;NaN;NaN
2024-11-19;8;NaN;NaN;NaN;NaN;NaN;NaN;NaN;NaN;NaN;NaN;2024-11-19 07:00:00+00:00;NaN;NaN;NaN
2024-11-19;9;NaN;NaN;NaN;NaN;NaN;NaN;NaN;NaN;NaN;NaN;2024-11-19 08:00:00+00:00;NaN;NaN;NaN
2024-11-19;10;NaN;NaN;NaN;NaN;NaN;NaN;NaN;NaN;NaN;NaN;2024-11-19 09:00:00+00:00;NaN;NaN;NaN
2024-11-19;11;NaN;NaN;NaN;NaN;NaN;NaN;NaN;NaN;NaN;NaN;2024-11-19 10:00:00+00:00;NaN;NaN;NaN
2024-11-19;12;NaN;NaN;NaN;NaN;NaN;NaN;NaN;NaN;NaN;NaN;2024-11-19 11:00:00+00:00;NaN;NaN;NaN
2024-11-19;13;NaN;NaN;NaN;NaN;NaN;NaN;NaN;NaN;NaN;NaN;2024-11-19 12:00:00+00:00;NaN;NaN;NaN
2024-11-19;14;NaN;NaN;NaN;NaN;NaN;NaN;NaN;NaN;NaN;NaN;2024-11-19 13:00:00+00:00;NaN;NaN;NaN
2024-11-19;15;NaN;NaN;NaN;NaN;NaN;NaN;NaN;NaN;NaN;NaN;2024-11-19 14:00:00+00:00;NaN;NaN;NaN
2024-11-19;16;NaN;NaN;NaN;NaN;NaN;NaN;NaN;NaN;NaN;NaN;2024-11-19 15:00:00+00:00;NaN;NaN;NaN
2024-11-19;17;NaN;NaN;NaN;NaN;NaN;NaN;NaN;NaN;NaN;NaN;2024-11-19 16:00:00+00:00;NaN;NaN;NaN
2024-11-19;18;NaN;NaN;NaN;NaN;NaN;NaN;NaN;NaN;NaN;NaN;2024-11-19 17:00:00+00:00;NaN;NaN;NaN
2024-11-19;19;NaN;NaN;NaN;NaN;NaN;NaN;NaN;NaN;NaN;NaN;2024-11-19 18:00:00+00:00;NaN;NaN;NaN
2024-11-19;20;NaN;NaN;NaN;NaN;NaN;NaN;NaN;NaN;NaN;NaN;2024-11-19 19:00:00+00:00;NaN;NaN;NaN
2024-11-19;21;NaN;NaN;NaN;NaN;NaN;NaN;NaN;NaN;NaN;NaN;2024-11-19 20:00:00+00:00;NaN;NaN;NaN
2024-11-19;22;NaN;NaN;NaN;NaN;NaN;NaN;NaN;NaN;NaN;NaN;2024-11-19 21:00:00+00:00;NaN;NaN;NaN
2024-11-19;23;NaN;NaN;NaN;NaN;NaN;NaN;NaN;NaN;NaN;NaN;2024-11-19 22:00:00+00:00;NaN;NaN;NaN
2024-11-19;0;100.00;0.11;0.00;0.00;0.95;2024-11-19 00:00:00+01:00;11.00;60.00;2.00;58.00;2024-11-18 23:00:00+00:00;49.00;48.00;49.00
2024-11-19;1;100.00;-0.27;0.00;0.00;0.93;2024-11-19 01:00:00+01:00;11.00;33.00;2.00;31.00;2024-11-19 00:00:00+00:00;51.00;49.00;51.00
2024-11-19;2;100.00;-0.27;0.00;0.00;0.93;2024-11-19 02:00:00+01:00;11.00;32.00;9.00;23.00;2024-11-19 01:00:00+00:00;59.00;58.00;59.00
2024-11-19;3;100.00;-0.27;0.00;0.00;0.93;2024-11-19 03:00:00+01:00;11.00;28.00;3.00;25.00;2024-11-19 02:00:00+00:00;65.00;65.00;65.00
2024-11-19;4;100.00;-0.27;0.00;0.00;0.93;2024-11-19 04:00:00+01:00;11.00;42.00;5.00;37.00;2024-11-19 03:00:00+00:00;59.00;60.00;58.00
2024-11-19;5;100.00;-0.27;0.00;0.00;0.93;2024-11-19 05:00:00+01:00;11.00;115.00;14.00;101.00;2024-11-19 04:00:00+00:00;56.00;57.00;56.00
2024-11-19;6;100.00;-0.27;0.00;0.00;0.93;2024-11-19 06:00:00+01:00;11.00;210.00;11.00;199.00;2024-11-19 05:00:00+00:00;48.00;49.00;48.00
2024-11-19;7;100.00;-0.27;0.00;0.00;0.93;2024-11-19 07:00:00+01:00;11.00;384.00;16.00;368.00;2024-11-19 06:00:00+00:00;44.00;44.00;44.00
2024-11-19;8;100.00;-0.27;0.00;0.00;0.93;2024-11-19 08:00:00+01:00;11.00;374.00;17.00;357.00;2024-11-19 07:00:00+00:00;43.00;44.00;43.00
2024-11-19;9;100.00;-0.27;0.00;0.00;0.93;2024-11-19 09:00:00+01:00;11.00;379.00;20.00;359.00;2024-11-19 08:00:00+00:00;42.00;42.00;42.00
2024-11-19;10;100.00;-0.27;0.00;0.00;0.93;2024-11-19 10:00:00+01:00;11.00;403.00;21.00;382.00;2024-11-19 09:00:00+00:00;42.00;42.00;42.00
2024-11-19;11;100.00;-0.27;0.00;0.00;0.93;2024-11-19 11:00:00+01:00;11.00;438.00;25.00;413.00;2024-11-19 10:00:00+00:00;43.00;43.00;43.00
2024-11-19;12;100.00;-0.27;0.00;0.00;0.93;2024-11-19 12:00:00+01:00;11.00;503.00;10.00;493.00;2024-11-19 11:00:00+00:00;41.00;40.00;41.00
2024-11-19;13;100.00;-0.27;0.00;0.00;0.93;2024-11-19 13:00:00+01:00;11.00;477.00;4.00;473.00;2024-11-19 12:00:00+00:00;45.00;44.00;45.00
2024-11-19;14;100.00;-0.27;0.00;0.00;0.93;2024-11-19 14:00:00+01:00;11.00;605.00;21.00;584.00;2024-11-19 13:00:00+00:00;42.00;42.00;42.00
2024-11-19;15;100.00;-0.27;0.00;0.00;0.93;2024-11-19 15:00:00+01:00;11.00;628.00;20.00;608.00;2024-11-19 14:00:00+00:00;42.00;42.00;42.00
2024-11-19;16;100.00;-0.27;0.00;0.00;0.93;2024-11-19 16:00:00+01:00;11.00;511.00;22.00;489.00;2024-11-19 15:00:00+00:00;33.00;28.00;34.00
2024-11-19;17;100.00;-0.27;0.00;0.00;0.93;2024-11-19 17:00:00+01:00;11.00;565.00;16.00;549.00;2024-11-19 16:00:00+00:00;44.00;41.00;44.00
2024-11-19;18;100.00;-0.27;0.00;0.00;0.93;2024-11-19 18:00:00+01:00;11.00;560.00;5.00;555.00;2024-11-19 17:00:00+00:00;51.00;49.00;51.00
2024-11-19;19;100.00;-0.27;0.00;0.00;0.93;2024-11-19 19:00:00+01:00;11.00;520.00;18.00;502.00;2024-11-19 18:00:00+00:00;50.00;49.00;50.00
2024-11-19;20;100.00;-0.27;0.00;0.00;0.93;2024-11-19 20:00:00+01:00;11.00;395.00;18.00;377.00;2024-11-19 19:00:00+00:00;49.00;49.00;49.00
2024-11-19;21;100.00;-0.27;0.00;0.00;0.93;2024-11-19 21:00:00+01:00;11.00;262.00;11.00;251.00;2024-11-19 20:00:00+00:00;58.00;57.00;58.00
2024-11-19;22;100.00;-0.27;0.00;0.00;0.93;2024-11-19 22:00:00+01:00;11.00;190.00;6.00;184.00;2024-11-19 21:00:00+00:00;61.00;63.00;61.00
2024-11-19;23;100.00;-0.27;0.00;0.00;0.93;2024-11-19 23:00:00+01:00;11.00;122.00;6.00;116.00;2024-11-19 22:00:00+00:00;61.00;60.00;61.00
2024-11-20;0;NaN;NaN;NaN;NaN;NaN;NaN;NaN;NaN;NaN;NaN;2024-11-19 23:00:00+00:00;NaN;NaN;NaN
2024-11-20;1;NaN;NaN;NaN;NaN;NaN;NaN;NaN;NaN;NaN;NaN;2024-11-20 00:00:00+00:00;NaN;NaN;NaN
2024-11-20;2;NaN;NaN;NaN;NaN;NaN;NaN;NaN;NaN;NaN;NaN;2024-11-20 01:00:00+00:00;NaN;NaN;NaN
2024-11-20;3;NaN;NaN;NaN;NaN;NaN;NaN;NaN;NaN;NaN;NaN;2024-11-20 02:00:00+00:00;NaN;NaN;NaN
2024-11-20;4;NaN;NaN;NaN;NaN;NaN;NaN;NaN;NaN;NaN;NaN;2024-11-20 03:00:00+00:00;NaN;NaN;NaN
2024-11-20;5;NaN;NaN;NaN;NaN;NaN;NaN;NaN;NaN;NaN;NaN;2024-11-20 04:00:00+00:00;NaN;NaN;NaN
2024-11-20;6;NaN;NaN;NaN;NaN;NaN;NaN;NaN;NaN;NaN;NaN;2024-11-20 05:00:00+00:00;NaN;NaN;NaN
2024-11-20;7;NaN;NaN;NaN;NaN;NaN;NaN;NaN;NaN;NaN;NaN;2024-11-20 06:00:00+00:00;NaN;NaN;NaN
2024-11-20;8;NaN;NaN;NaN;NaN;NaN;NaN;NaN;NaN;NaN;NaN;2024-11-20 07:00:00+00:00;NaN;NaN;NaN
2024-11-20;9;NaN;NaN;NaN;NaN;NaN;NaN;NaN;NaN;NaN;NaN;2024-11-20 08:00:00+00:00;NaN;NaN;NaN
2024-11-20;10;NaN;NaN;NaN;NaN;NaN;NaN;NaN;NaN;NaN;NaN;2024-11-20 09:00:00+00:00;NaN;NaN;NaN
2024-11-20;11;NaN;NaN;NaN;NaN;NaN;NaN;NaN;NaN;NaN;NaN;2024-11-20 10:00:00+00:00;NaN;NaN;NaN
2024-11-20;12;NaN;NaN;NaN;NaN;NaN;NaN;NaN;NaN;NaN;NaN;2024-11-20 11:00:00+00:00;NaN;NaN;NaN
2024-11-20;13;NaN;NaN;NaN;NaN;NaN;NaN;NaN;NaN;NaN;NaN;2024-11-20 12:00:00+00:00;NaN;NaN;NaN
2024-11-20;14;NaN;NaN;NaN;NaN;NaN;NaN;NaN;NaN;NaN;NaN;2024-11-20 13:00:00+00:00;NaN;NaN;NaN
2024-11-20;15;NaN;NaN;NaN;NaN;NaN;NaN;NaN;NaN;NaN;NaN;2024-11-20 14:00:00+00:00;NaN;NaN;NaN
2024-11-20;16;NaN;NaN;NaN;NaN;NaN;NaN;NaN;NaN;NaN;NaN;2024-11-20 15:00:00+00:00;NaN;NaN;NaN
2024-11-20;17;NaN;NaN;NaN;NaN;NaN;NaN;NaN;NaN;NaN;NaN;2024-11-20 16:00:00+00:00;NaN;NaN;NaN
2024-11-20;18;NaN;NaN;NaN;NaN;NaN;NaN;NaN;NaN;NaN;NaN;2024-11-20 17:00:00+00:00;NaN;NaN;NaN
2024-11-20;19;NaN;NaN;NaN;NaN;NaN;NaN;NaN;NaN;NaN;NaN;2024-11-20 18:00:00+00:00;NaN;NaN;NaN
2024-11-20;20;NaN;NaN;NaN;NaN;NaN;NaN;NaN;NaN;NaN;NaN;2024-11-20 19:00:00+00:00;NaN;NaN;NaN
2024-11-20;21;NaN;NaN;NaN;NaN;NaN;NaN;NaN;NaN;NaN;NaN;2024-11-20 20:00:00+00:00;NaN;NaN;NaN
2024-11-20;22;NaN;NaN;NaN;NaN;NaN;NaN;NaN;NaN;NaN;NaN;2024-11-20 21:00:00+00:00;NaN;NaN;NaN
2024-11-20;23;NaN;NaN;NaN;NaN;NaN;NaN;NaN;NaN;NaN;NaN;2024-11-20 22:00:00+00:00;NaN;NaN;NaN
2024-11-20;0;100.00;-0.27;0.00;0.00;0.93;2024-11-20 00:00:00+01:00;11.00;53.00;0.00;53.00;2024-11-19 23:00:00+00:00;58.00;NaN;58.00
2024-11-20;1;100.00;-0.12;0.00;0.00;0.93;2024-11-20 01:00:00+01:00;11.00;39.00;1.00;38.00;2024-11-20 00:00:00+00:00;61.00;51.00;62.00
2024-11-20;2;100.00;-0.12;0.00;0.00;0.93;2024-11-20 02:00:00+01:00;11.00;21.00;3.00;18.00;2024-11-20 01:00:00+00:00;63.00;66.00;63.00
2024-11-20;3;100.00;-0.12;0.00;0.00;0.93;2024-11-20 03:00:00+01:00;11.00;33.00;6.00;27.00;2024-11-20 02:00:00+00:00;61.00;64.00;61.00
2024-11-20;4;100.00;-0.12;0.00;0.00;0.93;2024-11-20 04:00:00+01:00;11.00;36.00;7.00;29.00;2024-11-20 03:00:00+00:00;68.00;68.00;68.00
2024-11-20;5;100.00;-0.12;0.00;0.00;0.93;2024-11-20 05:00:00+01:00;11.00;112.00;19.00;93.00;2024-11-20 04:00:00+00:00;58.00;57.00;58.00
2024-11-20;6;100.00;-0.12;0.00;0.00;0.93;2024-11-20 06:00:00+01:00;11.00;193.00;15.00;178.00;2024-11-20 05:00:00+00:00;50.00;51.00;50.00
2024-11-20;7;100.00;-0.12;0.00;0.00;0.93;2024-11-20 07:00:00+01:00;11.00;369.00;22.00;347.00;2024-11-20 06:00:00+00:00;43.00;43.00;43.00
2024-11-20;8;100.00;-0.12;0.00;0.00;0.93;2024-11-20 08:00:00+01:00;11.00;387.00;23.00;364.00;2024-11-20 07:00:00+00:00;46.00;48.00;46.00
2024-11-20;9;100.00;-0.12;0.00;0.00;0.93;2024-11-20 09:00:00+01:00;11.00;340.00;18.00;322.00;2024-11-20 08:00:00+00:00;45.00;44.00;45.00
2024-11-20;10;100.00;-0.12;0.00;0.00;0.93;2024-11-20 10:00:00+01:00;11.00;393.00;24.00;369.00;2024-11-20 09:00:00+00:00;41.00;41.00;41.00
2024-11-20;11;100.00;-0.12;0.00;0.00;0.93;2024-11-20 11:00:00+01:00;11.00;488.00;20.00;468.00;2024-11-20 10:00:00+00:00;42.00;41.00;42.00
2024-11-20;12;100.00;-0.12;0.00;0.00;0.93;2024-11-20 12:00:00+01:00;11.00;480.00;30.00;450.00;2024-11-20 11:00:00+00:00;44.00;44.00;43.00
2024-11-20;13;100.00;-0.12;0.00;0.00;0.93;2024-11-20 13:00:00+01:00;11.00;493.00;31.00;462.00;2024-11-20 12:00:00+00:00;44.00;45.00;44.00
2024-11-20;14;100.00;-0.12;0.00;0.00;0.93;2024-11-20 14:00:00+01:00;11.00;587.00;23.00;564.00;2024-11-20 13:00:00+00:00;41.00;39.00;42.00
2024-11-20;15;100.00;-0.12;0.00;0.00;0.93;2024-11-20 15:00:00+01:00;11.00;608.00;23.00;585.00;2024-11-20 14:00:00+00:00;38.00;38.00;38.00
2024-11-20;16;100.00;-0.12;0.00;0.00;0.93;2024-11-20 16:00:00+01:00;11.00;572.00;29.00;543.00;2024-11-20 15:00:00+00:00;32.00;30.00;33.00
2024-11-20;17;100.00;-0.12;0.00;0.00;0.93;2024-11-20 17:00:00+01:00;11.00;569.00;18.00;551.00;2024-11-20 16:00:00+00:00;40.00;37.00;40.00
2024-11-20;18;100.00;-0.12;0.00;0.00;0.93;2024-11-20 18:00:00+01:00;11.00;527.00;10.00;517.00;2024-11-20 17:00:00+00:00;53.00;53.00;53.00
2024-11-20;19;100.00;-0.12;0.00;0.00;0.93;2024-11-20 19:00:00+01:00;11.00;449.00;8.00;441.00;2024-11-20 18:00:00+00:00;56.00;56.00;56.00
2024-11-20;20;100.00;-0.12;0.00;0.00;0.93;2024-11-20 20:00:00+01:00;11.00;331.00;6.00;325.00;2024-11-20 19:00:00+00:00;53.00;54.00;53.00
2024-11-20;21;100.00;-0.12;0.00;0.00;0.93;2024-11-20 21:00:00+01:00;11.00;303.00;4.00;299.00;2024-11-20 20:00:00+00:00;52.00;52.00;52.00
2024-11-20;22;100.00;-0.12;0.00;0.00;0.93;2024-11-20 22:00:00+01:00;11.00;214.00;3.00;211.00;2024-11-20 21:00:00+00:00;57.00;58.00;57.00
2024-11-20;23;92.00;-0.12;0.00;0.00;0.93;2024-11-20 23:00:00+01:00;11.00;121.00;5.00;116.00;2024-11-20 22:00:00+00:00;58.00;61.00;58.00
2024-11-21;0;NaN;NaN;NaN;NaN;NaN;NaN;NaN;NaN;NaN;NaN;2024-11-20 23:00:00+00:00;NaN;NaN;NaN
2024-11-21;1;NaN;NaN;NaN;NaN;NaN;NaN;NaN;NaN;NaN;NaN;2024-11-21 00:00:00+00:00;NaN;NaN;NaN
2024-11-21;2;NaN;NaN;NaN;NaN;NaN;NaN;NaN;NaN;NaN;NaN;2024-11-21 01:00:00+00:00;NaN;NaN;NaN
2024-11-21;3;NaN;NaN;NaN;NaN;NaN;NaN;NaN;NaN;NaN;NaN;2024-11-21 02:00:00+00:00;NaN;NaN;NaN
2024-11-21;4;NaN;NaN;NaN;NaN;NaN;NaN;NaN;NaN;NaN;NaN;2024-11-21 03:00:00+00:00;NaN;NaN;NaN
2024-11-21;5;NaN;NaN;NaN;NaN;NaN;NaN;NaN;NaN;NaN;NaN;2024-11-21 04:00:00+00:00;NaN;NaN;NaN
2024-11-21;6;NaN;NaN;NaN;NaN;NaN;NaN;NaN;NaN;NaN;NaN;2024-11-21 05:00:00+00:00;NaN;NaN;NaN
2024-11-21;7;NaN;NaN;NaN;NaN;NaN;NaN;NaN;NaN;NaN;NaN;2024-11-21 06:00:00+00:00;NaN;NaN;NaN
2024-11-21;8;NaN;NaN;NaN;NaN;NaN;NaN;NaN;NaN;NaN;NaN;2024-11-21 07:00:00+00:00;NaN;NaN;NaN
2024-11-21;9;NaN;NaN;NaN;NaN;NaN;NaN;NaN;NaN;NaN;NaN;2024-11-21 08:00:00+00:00;NaN;NaN;NaN
2024-11-21;10;NaN;NaN;NaN;NaN;NaN;NaN;NaN;NaN;NaN;NaN;2024-11-21 09:00:00+00:00;NaN;NaN;NaN
2024-11-21;11;NaN;NaN;NaN;NaN;NaN;NaN;NaN;NaN;NaN;NaN;2024-11-21 10:00:00+00:00;NaN;NaN;NaN
2024-11-21;12;NaN;NaN;NaN;NaN;NaN;NaN;NaN;NaN;NaN;NaN;2024-11-21 11:00:00+00:00;NaN;NaN;NaN
2024-11-21;13;NaN;NaN;NaN;NaN;NaN;NaN;NaN;NaN;NaN;NaN;2024-11-21 12:00:00+00:00;NaN;NaN;NaN
2024-11-21;14;NaN;NaN;NaN;NaN;NaN;NaN;NaN;NaN;NaN;NaN;2024-11-21 13:00:00+00:00;NaN;NaN;NaN
2024-11-21;15;NaN;NaN;NaN;NaN;NaN;NaN;NaN;NaN;NaN;NaN;2024-11-21 14:00:00+00:00;NaN;NaN;NaN
2024-11-21;16;NaN;NaN;NaN;NaN;NaN;NaN;NaN;NaN;NaN;NaN;2024-11-21 15:00:00+00:00;NaN;NaN;NaN
2024-11-21;17;NaN;NaN;NaN;NaN;NaN;NaN;NaN;NaN;NaN;NaN;2024-11-21 16:00:00+00:00;NaN;NaN;NaN
2024-11-21;18;NaN;NaN;NaN;NaN;NaN;NaN;NaN;NaN;NaN;NaN;2024-11-21 17:00:00+00:00;NaN;NaN;NaN
2024-11-21;19;NaN;NaN;NaN;NaN;NaN;NaN;NaN;NaN;NaN;NaN;2024-11-21 18:00:00+00:00;NaN;NaN;NaN
2024-11-21;20;NaN;NaN;NaN;NaN;NaN;NaN;NaN;NaN;NaN;NaN;2024-11-21 19:00:00+00:00;NaN;NaN;NaN
2024-11-21;21;NaN;NaN;NaN;NaN;NaN;NaN;NaN;NaN;NaN;NaN;2024-11-21 20:00:00+00:00;NaN;NaN;NaN
2024-11-21;22;NaN;NaN;NaN;NaN;NaN;NaN;NaN;NaN;NaN;NaN;2024-11-21 21:00:00+00:00;NaN;NaN;NaN
2024-11-21;23;NaN;NaN;NaN;NaN;NaN;NaN;NaN;NaN;NaN;NaN;2024-11-21 22:00:00+00:00;NaN;NaN;NaN
2024-11-21;0;100.00;-0.12;0.00;0.00;0.93;2024-11-21 00:00:00+01:00;11.00;57.00;3.00;54.00;2024-11-20 23:00:00+00:00;64.00;64.00;64.00
2024-11-21;1;58.00;-1.09;0.00;0.00;0.92;2024-11-21 01:00:00+01:00;11.00;69.00;5.00;63.00;2024-11-21 00:00:00+00:00;63.00;67.00;63.00
2024-11-21;2;100.00;-1.09;0.00;0.00;0.92;2024-11-21 02:00:00+01:00;11.00;37.00;4.00;33.00;2024-11-21 01:00:00+00:00;70.00;77.00;69.00
2024-11-21;3;92.00;-1.09;0.00;0.00;0.92;2024-11-21 03:00:00+01:00;11.00;24.00;5.00;19.00;2024-11-21 02:00:00+00:00;74.00;76.00;73.00
2024-11-21;4;100.00;-1.09;0.00;0.00;0.92;2024-11-21 04:00:00+01:00;11.00;38.00;11.00;27.00;2024-11-21 03:00:00+00:00;68.00;71.00;67.00
2024-11-21;5;100.00;-1.09;0.00;0.00;0.92;2024-11-21 05:00:00+01:00;11.00;102.00;19.00;83.00;2024-11-21 04:00:00+00:00;61.00;63.00;60.00
2024-11-21;6;100.00;-1.09;0.00;0.00;0.92;2024-11-21 06:00:00+01:00;11.00;201.00;12.00;189.00;2024-11-21 05:00:00+00:00;51.00;52.00;51.00
2024-11-21;7;100.00;-1.09;0.00;0.00;0.92;2024-11-21 07:00:00+01:00;11.00;366.00;18.00;348.00;2024-11-21 06:00:00+00:00;45.00;46.00;45.00
2024-11-21;8;100.00;-1.09;0.00;0.00;0.92;2024-11-21 08:00:00+01:00;11.00;386.00;22.00;364.00;2024-11-21 07:00:00+00:00;45.00;47.00;45.00
2024-11-21;9;100.00;-1.09;0.00;0.00;0.92;2024-11-21 09:00:00+01:00;11.00;382.00;21.00;361.00;2024-11-21 08:00:00+00:00;43.00;44.00;43.00
2024-11-21;10;100.00;-1.09;0.00;0.00;0.92;2024-11-21 10:00:00+01:00;11.00;418.00;33.00;385.00;2024-11-21 09:00:00+00:00;42.00;41.00;42.00
2024-11-21;11;100.00;-1.09;0.00;0.00;0.92;2024-11-21 11:00:00+01:00;11.00;532.00;33.00;499.00;2024-11-21 10:00:00+00:00;40.00;38.00;40.00
2024-11-21;12;100.00;-1.09;0.00;0.00;0.92;2024-11-21 12:00:00+01:00;11.00;505.00;39.00;466.00;2024-11-21 11:00:00+00:00;41.00;42.00;41.00
2024-11-21;13;100.00;-1.09;0.00;0.00;0.92;2024-11-21 13:00:00+01:00;11.00;486.00;30.00;456.00;2024-11-21 12:00:00+00:00;45.00;45.00;45.00
2024-11-21;14;100.00;-1.09;0.00;0.00;0.92;2024-11-21 14:00:00+01:00;11.00;633.00;28.00;605.00;2024-11-21 13:00:00+00:00;41.00;41.00;41.00
2024-11-21;15;100.00;-1.09;0.00;0.00;0.92;2024-11-21 15:00:00+01:00;11.00;559.00;31.00;528.00;2024-11-21 14:00:00+00:00;35.00;28.00;35.00
2024-11-21;16;100.00;-1.09;0.00;0.00;0.92;2024-11-21 16:00:00+01:00;11.00;508.00;19.00;489.00;2024-11-21 15:00:00+00:00;33.00;29.00;33.00
2024-11-21;17;100.00;-1.09;0.00;0.00;0.92;2024-11-21 17:00:00+01:00;11.00;544.00;12.00;532.00;2024-11-21 16:00:00+00:00;42.00;42.00;42.00
2024-11-21;18;100.00;-1.09;0.00;0.00;0.92;2024-11-21 18:00:00+01:00;11.00;550.00;9.00;541.00;2024-11-21 17:00:00+00:00;47.00;43.00;47.00
2024-11-21;19;100.00;-1.09;0.00;0.00;0.92;2024-11-21 19:00:00+01:00;11.00;468.00;7.00;461.00;2024-11-21 18:00:00+00:00;49.00;49.00;49.00
2024-11-21;20;100.00;-1.09;0.00;0.00;0.92;2024-11-21 20:00:00+01:00;11.00;345.00;9.00;336.00;2024-11-21 19:00:00+00:00;54.00;56.00;54.00
2024-11-21;21;100.00;-1.09;0.00;0.00;0.92;2024-11-21 21:00:00+01:00;11.00;278.00;5.00;273.00;2024-11-21 20:00:00+00:00;55.00;58.00;55.00
2024-11-21;22;100.00;-1.09;0.00;0.00;0.92;2024-11-21 22:00:00+01:00;11.00;238.00;7.00;231.00;2024-11-21 21:00:00+00:00;58.00;59.00;58.00
2024-11-21;23;100.00;-1.09;0.00;0.00;0.92;2024-11-21 23:00:00+01:00;11.00;152.00;8.00;144.00;2024-11-21 22:00:00+00:00;58.00;61.00;57.00
2024-11-22;0;NaN;NaN;NaN;NaN;NaN;NaN;NaN;NaN;NaN;NaN;2024-11-21 23:00:00+00:00;NaN;NaN;NaN
2024-11-22;1;NaN;NaN;NaN;NaN;NaN;NaN;NaN;NaN;NaN;NaN;2024-11-22 00:00:00+00:00;NaN;NaN;NaN
2024-11-22;2;NaN;NaN;NaN;NaN;NaN;NaN;NaN;NaN;NaN;NaN;2024-11-22 01:00:00+00:00;NaN;NaN;NaN
2024-11-22;3;NaN;NaN;NaN;NaN;NaN;NaN;NaN;NaN;NaN;NaN;2024-11-22 02:00:00+00:00;NaN;NaN;NaN
2024-11-22;4;NaN;NaN;NaN;NaN;NaN;NaN;NaN;NaN;NaN;NaN;2024-11-22 03:00:00+00:00;NaN;NaN;NaN
2024-11-22;5;NaN;NaN;NaN;NaN;NaN;NaN;NaN;NaN;NaN;NaN;2024-11-22 04:00:00+00:00;NaN;NaN;NaN
2024-11-22;6;NaN;NaN;NaN;NaN;NaN;NaN;NaN;NaN;NaN;NaN;2024-11-22 05:00:00+00:00;NaN;NaN;NaN
2024-11-22;7;NaN;NaN;NaN;NaN;NaN;NaN;NaN;NaN;NaN;NaN;2024-11-22 06:00:00+00:00;NaN;NaN;NaN
2024-11-22;8;NaN;NaN;NaN;NaN;NaN;NaN;NaN;NaN;NaN;NaN;2024-11-22 07:00:00+00:00;NaN;NaN;NaN
2024-11-22;9;NaN;NaN;NaN;NaN;NaN;NaN;NaN;NaN;NaN;NaN;2024-11-22 08:00:00+00:00;NaN;NaN;NaN
2024-11-22;10;NaN;NaN;NaN;NaN;NaN;NaN;NaN;NaN;NaN;NaN;2024-11-22 09:00:00+00:00;NaN;NaN;NaN
2024-11-22;11;NaN;NaN;NaN;NaN;NaN;NaN;NaN;NaN;NaN;NaN;2024-11-22 10:00:00+00:00;NaN;NaN;NaN
2024-11-22;12;NaN;NaN;NaN;NaN;NaN;NaN;NaN;NaN;NaN;NaN;2024-11-22 11:00:00+00:00;NaN;NaN;NaN
2024-11-22;13;NaN;NaN;NaN;NaN;NaN;NaN;NaN;NaN;NaN;NaN;2024-11-22 12:00:00+00:00;NaN;NaN;NaN
2024-11-22;14;NaN;NaN;NaN;NaN;NaN;NaN;NaN;NaN;NaN;NaN;2024-11-22 13:00:00+00:00;NaN;NaN;NaN
2024-11-22;15;NaN;NaN;NaN;NaN;NaN;NaN;NaN;NaN;NaN;NaN;2024-11-22 14:00:00+00:00;NaN;NaN;NaN
2024-11-22;16;NaN;NaN;NaN;NaN;NaN;NaN;NaN;NaN;NaN;NaN;2024-11-22 15:00:00+00:00;NaN;NaN;NaN
2024-11-22;17;NaN;NaN;NaN;NaN;NaN;NaN;NaN;NaN;NaN;NaN;2024-11-22 16:00:00+00:00;NaN;NaN;NaN
2024-11-22;18;NaN;NaN;NaN;NaN;NaN;NaN;NaN;NaN;NaN;NaN;2024-11-22 17:00:00+00:00;NaN;NaN;NaN
2024-11-22;19;NaN;NaN;NaN;NaN;NaN;NaN;NaN;NaN;NaN;NaN;2024-11-22 18:00:00+00:00;NaN;NaN;NaN
2024-11-22;20;NaN;NaN;NaN;NaN;NaN;NaN;NaN;NaN;NaN;NaN;2024-11-22 19:00:00+00:00;NaN;NaN;NaN
2024-11-22;21;NaN;NaN;NaN;NaN;NaN;NaN;NaN;NaN;NaN;NaN;2024-11-22 20:00:00+00:00;NaN;NaN;NaN
2024-11-22;22;NaN;NaN;NaN;NaN;NaN;NaN;NaN;NaN;NaN;NaN;2024-11-22 21:00:00+00:00;NaN;NaN;NaN
2024-11-22;23;NaN;NaN;NaN;NaN;NaN;NaN;NaN;NaN;NaN;NaN;2024-11-22 22:00:00+00:00;NaN;NaN;NaN
2024-11-22;0;100.00;-1.09;0.00;0.00;0.92;2024-11-22 00:00:00+01:00;11.00;79.00;6.00;73.00;2024-11-21 23:00:00+00:00;57.00;55.00;57.00
2024-11-22;1;100.00;0.35;0.00;0.00;0.93;2024-11-22 01:00:00+01:00;11.00;39.00;3.00;36.00;2024-11-22 00:00:00+00:00;58.00;57.00;58.00
2024-11-22;2;100.00;0.35;0.00;0.00;0.93;2024-11-22 02:00:00+01:00;11.00;34.00;6.00;28.00;2024-11-22 01:00:00+00:00;65.00;71.00;64.00
2024-11-22;3;100.00;0.35;0.00;0.00;0.93;2024-11-22 03:00:00+01:00;11.00;49.00;15.00;34.00;2024-11-22 02:00:00+00:00;67.00;69.00;66.00
2024-11-22;4;100.00;0.35;0.00;0.00;0.93;2024-11-22 04:00:00+01:00;11.00;62.00;8.00;54.00;2024-11-22 03:00:00+00:00;59.00;64.00;58.00
2024-11-22;5;100.00;0.35;0.00;0.00;0.93;2024-11-22 05:00:00+01:00;11.00;104.00;5.00;99.00;2024-11-22 04:00:00+00:00;63.00;59.00;63.00
2024-11-22;6;100.00;0.35;0.00;0.00;0.93;2024-11-22 06:00:00+01:00;11.00;207.00;8.00;199.00;2024-11-22 05:00:00+00:00;51.00;52.00;51.00
2024-11-22;7;100.00;0.35;0.00;0.00;0.93;2024-11-22 07:00:00+01:00;11.00;401.00;15.00;386.00;2024-11-22 06:00:00+00:00;46.00;46.00;46.00
2024-11-22;8;100.00;0.35;0.00;0.00;0.93;2024-11-22 08:00:00+01:00;11.00;366.00;13.00;353.00;2024-11-22 07:00:00+00:00;46.00;48.00;46.00
2024-11-22;9;100.00;0.35;0.00;0.00;0.93;2024-11-22 09:00:00+01:00;11.00;383.00;15.00;368.00;2024-11-22 08:00:00+00:00;45.00;45.00;45.00
2024-11-22;10;100.00;0.35;0.00;0.00;0.93;2024-11-22 10:00:00+01:00;11.00;416.00;28.00;388.00;2024-11-22 09:00:00+00:00;45.00;46.00;45.00
2024-11-22;11;100.00;0.35;0.00;0.00;0.93;2024-11-22 11:00:00+01:00;11.00;487.00;26.00;461.00;2024-11-22 10:00:00+00:00;42.00;42.00;42.00
2024-11-22;12;100.00;0.35;0.00;0.00;0.93;2024-11-22 12:00:00+01:00;11.00;516.00;16.00;500.00;2024-11-22 11:00:00+00:00;43.00;44.00;43.00
2024-11-22;13;100.00;0.35;0.00;0.00;0.93;2024-11-22 13:00:00+01:00;11.00;581.00;11.00;570.00;2024-11-22 12:00:00+00:00;42.00;40.00;42.00
2024-11-22;14;100.00;0.35;0.00;0.00;0.93;2024-11-22 14:00:00+01:00;11.00;554.00;39.00;515.00;2024-11-22 13:00:00+00:00;35.00;30.00;35.00
2024-11-22;15;100.00;0.35;0.00;0.00;0.93;2024-11-22 15:00:00+01:00;11.00;605.00;13.00;592.00;2024-11-22 14:00:00+00:00;42.00;40.00;42.00
2024-11-22;16;100.00;0.35;0.00;0.00;0.93;2024-11-22 16:00:00+01:00;11.00;569.00;9.00;560.00;2024-11-22 15:00:00+00:00;44.00;44.00;44.00
2024-11-22;17;100.00;0.35;0.00;0.00;0.93;2024-11-22 17:00:00+01:00;11.00;530.00;8.00;522.00;2024-11-22 16:00:00+00:00;48.00;47.00;48.00
2024-11-22;18;100.00;0.35;0.00;0.00;0.93;2024-11-22 18:00:00+01:00;11.00;541.00;7.00;534.00;2024-11-22 17:00:00+00:00;51.00;54.00;51.00
2024-11-22;19;100.00;0.35;0.00;0.00;0.93;2024-11-22 19:00:00+01:00;11.00;389.00;5.00;384.00;2024-11-22 18:00:00+00:00;48.00;48.00;48.00
2024-11-22;20;100.00;0.35;0.00;0.00;0.93;2024-11-22 20:00:00+01:00;11.00;356.00;5.00;351.00;2024-11-22 19:00:00+00:00;52.00;50.00;52.00
2024-11-22;21;100.00;0.35;0.00;0.00;0.93;2024-11-22 21:00:00+01:00;11.00;279.00;4.00;275.00;2024-11-22 20:00:00+00:00;56.00;56.00;56.00
2024-11-22;22;100.00;0.35;0.00;0.00;0.93;2024-11-22 22:00:00+01:00;11.00;267.00;5.00;262.00;2024-11-22 21:00:00+00:00;56.00;55.00;56.00
2024-11-22;23;100.00;0.35;0.00;0.00;0.93;2024-11-22 23:00:00+01:00;11.00;242.00;4.00;238.00;2024-11-22 22:00:00+00:00;55.00;55.00;55.00
2024-11-23;0;NaN;NaN;NaN;NaN;NaN;NaN;NaN;NaN;NaN;NaN;2024-11-22 23:00:00+00:00;NaN;NaN;NaN
2024-11-23;1;NaN;NaN;NaN;NaN;NaN;NaN;NaN;NaN;NaN;NaN;2024-11-23 00:00:00+00:00;NaN;NaN;NaN
2024-11-23;2;NaN;NaN;NaN;NaN;NaN;NaN;NaN;NaN;NaN;NaN;2024-11-23 01:00:00+00:00;NaN;NaN;NaN
2024-11-23;3;NaN;NaN;NaN;NaN;NaN;NaN;NaN;NaN;NaN;NaN;2024-11-23 02:00:00+00:00;NaN;NaN;NaN
2024-11-23;4;NaN;NaN;NaN;NaN;NaN;NaN;NaN;NaN;NaN;NaN;2024-11-23 03:00:00+00:00;NaN;NaN;NaN
2024-11-23;5;NaN;NaN;NaN;NaN;NaN;NaN;NaN;NaN;NaN;NaN;2024-11-23 04:00:00+00:00;NaN;NaN;NaN
2024-11-23;6;NaN;NaN;NaN;NaN;NaN;NaN;NaN;NaN;NaN;NaN;2024-11-23 05:00:00+00:00;NaN;NaN;NaN
2024-11-23;7;NaN;NaN;NaN;NaN;NaN;NaN;NaN;NaN;NaN;NaN;2024-11-23 06:00:00+00:00;NaN;NaN;NaN
2024-11-23;8;NaN;NaN;NaN;NaN;NaN;NaN;NaN;NaN;NaN;NaN;2024-11-23 07:00:00+00:00;NaN;NaN;NaN
2024-11-23;9;NaN;NaN;NaN;NaN;NaN;NaN;NaN;NaN;NaN;NaN;2024-11-23 08:00:00+00:00;NaN;NaN;NaN
2024-11-23;10;NaN;NaN;NaN;NaN;NaN;NaN;NaN;NaN;NaN;NaN;2024-11-23 09:00:00+00:00;NaN;NaN;NaN
2024-11-23;11;NaN;NaN;NaN;NaN;NaN;NaN;NaN;NaN;NaN;NaN;2024-11-23 10:00:00+00:00;NaN;NaN;NaN
2024-11-23;12;NaN;NaN;NaN;NaN;NaN;NaN;NaN;NaN;NaN;NaN;2024-11-23 11:00:00+00:00;NaN;NaN;NaN
2024-11-23;13;NaN;NaN;NaN;NaN;NaN;NaN;NaN;NaN;NaN;NaN;2024-11-23 12:00:00+00:00;NaN;NaN;NaN
2024-11-23;14;NaN;NaN;NaN;NaN;NaN;NaN;NaN;NaN;NaN;NaN;2024-11-23 13:00:00+00:00;NaN;NaN;NaN
2024-11-23;15;NaN;NaN;NaN;NaN;NaN;NaN;NaN;NaN;NaN;NaN;2024-11-23 14:00:00+00:00;NaN;NaN;NaN
2024-11-23;16;NaN;NaN;NaN;NaN;NaN;NaN;NaN;NaN;NaN;NaN;2024-11-23 15:00:00+00:00;NaN;NaN;NaN
2024-11-23;17;NaN;NaN;NaN;NaN;NaN;NaN;NaN;NaN;NaN;NaN;2024-11-23 16:00:00+00:00;NaN;NaN;NaN
2024-11-23;18;NaN;NaN;NaN;NaN;NaN;NaN;NaN;NaN;NaN;NaN;2024-11-23 17:00:00+00:00;NaN;NaN;NaN
2024-11-23;19;NaN;NaN;NaN;NaN;NaN;NaN;NaN;NaN;NaN;NaN;2024-11-23 18:00:00+00:00;NaN;NaN;NaN
2024-11-23;20;NaN;NaN;NaN;NaN;NaN;NaN;NaN;NaN;NaN;NaN;2024-11-23 19:00:00+00:00;NaN;NaN;NaN
2024-11-23;21;NaN;NaN;NaN;NaN;NaN;NaN;NaN;NaN;NaN;NaN;2024-11-23 20:00:00+00:00;NaN;NaN;NaN
2024-11-23;22;NaN;NaN;NaN;NaN;NaN;NaN;NaN;NaN;NaN;NaN;2024-11-23 21:00:00+00:00;NaN;NaN;NaN
2024-11-23;23;NaN;NaN;NaN;NaN;NaN;NaN;NaN;NaN;NaN;NaN;2024-11-23 22:00:00+00:00;NaN;NaN;NaN
2024-11-23;0;100.00;0.35;0.00;0.00;0.93;2024-11-23 00:00:00+01:00;11.00;159.00;7.00;152.00;2024-11-22 23:00:00+00:00;49.00;50.00;49.00
2024-11-23;1;100.00;0.10;0.00;0.00;0.93;2024-11-23 01:00:00+01:00;11.00;89.00;6.00;83.00;2024-11-23 00:00:00+00:00;54.00;55.00;54.00
2024-11-23;2;100.00;0.10;0.00;0.00;0.93;2024-11-23 02:00:00+01:00;11.00;71.00;5.00;66.00;2024-11-23 01:00:00+00:00;52.00;53.00;52.00
2024-11-23;3;100.00;0.10;0.00;0.00;0.93;2024-11-23 03:00:00+01:00;11.00;60.00;4.00;56.00;2024-11-23 02:00:00+00:00;54.00;54.00;54.00
2024-11-23;4;100.00;0.10;0.00;0.00;0.93;2024-11-23 04:00:00+01:00;11.00;50.00;4.00;46.00;2024-11-23 03:00:00+00:00;62.00;58.00;63.00
2024-11-23;5;100.00;0.10;0.00;0.00;0.93;2024-11-23 05:00:00+01:00;11.00;50.00;8.00;42.00;2024-11-23 04:00:00+00:00;54.00;54.00;54.00
2024-11-23;6;100.00;0.10;0.00;0.00;0.93;2024-11-23 06:00:00+01:00;11.00;64.00;3.00;61.00;2024-11-23 05:00:00+00:00;55.00;58.00;54.00
2024-11-23;7;100.00;0.10;0.00;0.00;0.93;2024-11-23 07:00:00+01:00;11.00;93.00;7.00;86.00;2024-11-23 06:00:00+00:00;58.00;60.00;58.00
2024-11-23;8;100.00;0.10;0.00;0.00;0.93;2024-11-23 08:00:00+01:00;11.00;153.00;12.00;141.00;2024-11-23 07:00:00+00:00;59.00;58.00;59.00
2024-11-23;9;100.00;0.10;0.00;0.00;0.93;2024-11-23 09:00:00+01:00;11.00;289.00;7.00;282.00;2024-11-23 08:00:00+00:00;57.00;55.00;58.00
2024-11-23;10;100.00;0.10;0.00;0.00;0.93;2024-11-23 10:00:00+01:00;11.00;372.00;10.00;362.00;2024-11-23 09:00:00+00:00;55.00;55.00;55.00
2024-11-23;11;100.00;0.10;0.00;0.00;0.93;2024-11-23 11:00:00+01:00;11.00;487.00;11.00;476.00;2024-11-23 10:00:00+00:00;54.00;54.00;54.00
2024-11-23;12;100.00;0.10;0.00;0.00;0.93;2024-11-23 12:00:00+01:00;11.00;468.00;9.00;459.00;2024-11-23 11:00:00+00:00;55.00;56.00;55.00
2024-11-23;13;100.00;0.10;0.00;0.00;0.93;2024-11-23 13:00:00+01:00;11.00;519.00;8.00;511.00;2024-11-23 12:00:00+00:00;53.00;52.00;53.00
2024-11-23;14;100.00;0.10;0.00;0.00;0.93;2024-11-23 14:00:00+01:00;11.00;550.00;12.00;538.00;2024-11-23 13:00:00+00:00;47.00;47.00;47.00
2024-11-23;15;100.00;0.10;0.00;0.00;0.93;2024-11-23 15:00:00+01:00;11.00;512.00;10.00;502.00;2024-11-23 14:00:00+00:00;47.00;47.00;47.00
2024-11-23;16;100.00;0.10;0.00;0.00;0.93;2024-11-23 16:00:00+01:00;11.00;489.00;5.00;484.00;2024-11-23 15:00:00+00:00;47.00;48.00;47.00
2024-11-23;17;100.00;0.10;0.00;0.00;0.93;2024-11-23 17:00:00+01:00;11.00;505.00;12.00;493.00;2024-11-23 16:00:00+00:00;47.00;46.00;47.00
2024-11-23;18;100.00;0.10;0.00;0.00;0.93;2024-11-23 18:00:00+01:00;11.00;458.00;7.00;451.00;2024-11-23 17:00:00+00:00;49.00;50.00;49.00
2024-11-23;19;100.00;0.10;0.00;0.00;0.93;2024-11-23 19:00:00+01:00;11.00;400.00;8.00;392.00;2024-11-23 18:00:00+00:00;51.00;52.00;51.00
2024-11-23;20;100.00;0.10;0.00;0.00;0.93;2024-11-23 20:00:00+01:00;11.00;356.00;9.00;347.00;2024-11-23 19:00:00+00:00;51.00;51.00;51.00
2024-11-23;21;100.00;0.10;0.00;0.00;0.93;2024-11-23 21:00:00+01:00;11.00;286.00;7.00;279.00;2024-11-23 20:00:00+00:00;55.00;56.00;55.00
2024-11-23;22;100.00;0.10;0.00;0.00;0.93;2024-11-23 22:00:00+01:00;11.00;272.00;8.00;264.00;2024-11-23 21:00:00+00:00;55.00;55.00;55.00
2024-11-23;23;100.00;0.10;0.00;0.00;0.93;2024-11-23 23:00:00+01:00;11.00;224.00;3.00;221.00;2024-11-23 22:00:00+00:00;54.00;51.00;54.00
2024-11-24;0;NaN;NaN;NaN;NaN;NaN;NaN;NaN;NaN;NaN;NaN;2024-11-23 23:00:00+00:00;NaN;NaN;NaN
2024-11-24;1;NaN;NaN;NaN;NaN;NaN;NaN;NaN;NaN;NaN;NaN;2024-11-24 00:00:00+00:00;NaN;NaN;NaN
2024-11-24;2;NaN;NaN;NaN;NaN;NaN;NaN;NaN;NaN;NaN;NaN;2024-11-24 01:00:00+00:00;NaN;NaN;NaN
2024-11-24;3;NaN;NaN;NaN;NaN;NaN;NaN;NaN;NaN;NaN;NaN;2024-11-24 02:00:00+00:00;NaN;NaN;NaN
2024-11-24;4;NaN;NaN;NaN;NaN;NaN;NaN;NaN;NaN;NaN;NaN;2024-11-24 03:00:00+00:00;NaN;NaN;NaN
2024-11-24;5;NaN;NaN;NaN;NaN;NaN;NaN;NaN;NaN;NaN;NaN;2024-11-24 04:00:00+00:00;NaN;NaN;NaN
2024-11-24;6;NaN;NaN;NaN;NaN;NaN;NaN;NaN;NaN;NaN;NaN;2024-11-24 05:00:00+00:00;NaN;NaN;NaN
2024-11-24;7;NaN;NaN;NaN;NaN;NaN;NaN;NaN;NaN;NaN;NaN;2024-11-24 06:00:00+00:00;NaN;NaN;NaN
2024-11-24;8;NaN;NaN;NaN;NaN;NaN;NaN;NaN;NaN;NaN;NaN;2024-11-24 07:00:00+00:00;NaN;NaN;NaN
2024-11-24;9;NaN;NaN;NaN;NaN;NaN;NaN;NaN;NaN;NaN;NaN;2024-11-24 08:00:00+00:00;NaN;NaN;NaN
2024-11-24;10;NaN;NaN;NaN;NaN;NaN;NaN;NaN;NaN;NaN;NaN;2024-11-24 09:00:00+00:00;NaN;NaN;NaN
2024-11-24;11;NaN;NaN;NaN;NaN;NaN;NaN;NaN;NaN;NaN;NaN;2024-11-24 10:00:00+00:00;NaN;NaN;NaN
2024-11-24;12;NaN;NaN;NaN;NaN;NaN;NaN;NaN;NaN;NaN;NaN;2024-11-24 11:00:00+00:00;NaN;NaN;NaN
2024-11-24;13;NaN;NaN;NaN;NaN;NaN;NaN;NaN;NaN;NaN;NaN;2024-11-24 12:00:00+00:00;NaN;NaN;NaN
2024-11-24;14;NaN;NaN;NaN;NaN;NaN;NaN;NaN;NaN;NaN;NaN;2024-11-24 13:00:00+00:00;NaN;NaN;NaN
2024-11-24;15;NaN;NaN;NaN;NaN;NaN;NaN;NaN;NaN;NaN;NaN;2024-11-24 14:00:00+00:00;NaN;NaN;NaN
2024-11-24;16;NaN;NaN;NaN;NaN;NaN;NaN;NaN;NaN;NaN;NaN;2024-11-24 15:00:00+00:00;NaN;NaN;NaN
2024-11-24;17;NaN;NaN;NaN;NaN;NaN;NaN;NaN;NaN;NaN;NaN;2024-11-24 16:00:00+00:00;NaN;NaN;NaN
2024-11-24;18;NaN;NaN;NaN;NaN;NaN;NaN;NaN;NaN;NaN;NaN;2024-11-24 17:00:00+00:00;NaN;NaN;NaN
2024-11-24;19;NaN;NaN;NaN;NaN;NaN;NaN;NaN;NaN;NaN;NaN;2024-11-24 18:00:00+00:00;NaN;NaN;NaN
2024-11-24;20;NaN;NaN;NaN;NaN;NaN;NaN;NaN;NaN;NaN;NaN;2024-11-24 19:00:00+00:00;NaN;NaN;NaN
2024-11-24;21;NaN;NaN;NaN;NaN;NaN;NaN;NaN;NaN;NaN;NaN;2024-11-24 20:00:00+00:00;NaN;NaN;NaN
2024-11-24;22;NaN;NaN;NaN;NaN;NaN;NaN;NaN;NaN;NaN;NaN;2024-11-24 21:00:00+00:00;NaN;NaN;NaN
2024-11-24;23;NaN;NaN;NaN;NaN;NaN;NaN;NaN;NaN;NaN;NaN;2024-11-24 22:00:00+00:00;NaN;NaN;NaN
2024-11-24;0;100.00;0.10;0.00;0.00;0.93;2024-11-24 00:00:00+01:00;11.00;192.00;0.00;192.00;2024-11-23 23:00:00+00:00;54.00;NaN;54.00
2024-11-24;1;100.00;0.00;0.00;0.00;0.91;2024-11-24 01:00:00+01:00;11.00;131.00;1.00;130.00;2024-11-24 00:00:00+00:00;57.00;58.00;57.00
2024-11-24;2;100.00;0.00;0.00;0.00;0.91;2024-11-24 02:00:00+01:00;11.00;96.00;1.00;95.00;2024-11-24 01:00:00+00:00;53.00;52.00;53.00
2024-11-24;3;100.00;0.00;0.00;0.00;0.91;2024-11-24 03:00:00+01:00;11.00;75.00;1.00;74.00;2024-11-24 02:00:00+00:00;62.00;76.00;61.00
2024-11-24;4;100.00;0.00;0.00;0.00;0.91;2024-11-24 04:00:00+01:00;11.00;47.00;1.00;46.00;2024-11-24 03:00:00+00:00;64.00;57.00;64.00
2024-11-24;5;100.00;0.00;0.00;0.00;0.91;2024-11-24 05:00:00+01:00;11.00;42.00;4.00;38.00;2024-11-24 04:00:00+00:00;60.00;60.00;60.00
2024-11-24;6;100.00;0.00;0.00;0.00;0.91;2024-11-24 06:00:00+01:00;11.00;59.00;2.00;57.00;2024-11-24 05:00:00+00:00;64.00;68.00;64.00
2024-11-24;7;100.00;0.00;0.00;0.00;0.91;2024-11-24 07:00:00+01:00;11.00;49.00;4.00;45.00;2024-11-24 06:00:00+00:00;58.00;58.00;58.00
2024-11-24;8;100.00;0.00;0.00;0.00;0.91;2024-11-24 08:00:00+01:00;11.00;75.00;5.00;70.00;2024-11-24 07:00:00+00:00;56.00;55.00;56.00
2024-11-24;9;100.00;0.00;0.00;0.00;0.91;2024-11-24 09:00:00+01:00;11.00;145.00;8.00;137.00;2024-11-24 08:00:00+00:00;55.00;57.00;55.00
2024-11-24;10;100.00;0.00;0.00;0.00;0.91;2024-11-24 10:00:00+01:00;11.00;220.00;6.00;214.00;2024-11-24 09:00:00+00:00;54.00;55.00;54.00
2024-11-24;11;100.00;0.00;0.00;0.00;0.91;2024-11-24 11:00:00+01:00;11.00;306.00;8.00;298.00;2024-11-24 10:00:00+00:00;54.00;54.00;54.00
2024-11-24;12;100.00;0.00;0.00;0.00;0.91;2024-11-24 12:00:00+01:00;11.00;392.00;8.00;384.00;2024-11-24 11:00:00+00:00;51.00;51.00;51.00
2024-11-24;13;100.00;0.00;0.00;0.00;0.91;2024-11-24 13:00:00+01:00;11.00;459.00;11.00;448.00;2024-11-24 12:00:00+00:00;50.00;49.00;50.00
2024-11-24;14;100.00;0.00;0.00;0.00;0.91;2024-11-24 14:00:00+01:00;11.00;454.00;5.00;449.00;2024-11-24 13:00:00+00:00;50.00;49.00;50.00
2024-11-24;15;100.00;0.00;0.00;0.00;0.91;2024-11-24 15:00:00+01:00;11.00;479.00;9.00;470.00;2024-11-24 14:00:00+00:00;50.00;49.00;50.00
2024-11-24;16;100.00;0.00;0.00;0.00;0.91;2024-11-24 16:00:00+01:00;11.00;431.00;10.00;421.00;2024-11-24 15:00:00+00:00;49.00;49.00;49.00
2024-11-24;17;100.00;0.00;0.00;0.00;0.91;2024-11-24 17:00:00+01:00;11.00;381.00;9.00;372.00;2024-11-24 16:00:00+00:00;50.00;49.00;50.00
2024-11-24;18;100.00;0.00;0.00;0.00;0.91;2024-11-24 18:00:00+01:00;11.00;377.00;6.00;371.00;2024-11-24 17:00:00+00:00;52.00;51.00;52.00
2024-11-24;19;100.00;0.00;0.00;0.00;0.91;2024-11-24 19:00:00+01:00;11.00;349.00;11.00;338.00;2024-11-24 18:00:00+00:00;53.00;53.00;53.00
2024-11-24;20;100.00;0.00;0.00;0.00;0.91;2024-11-24 20:00:00+01:00;11.00;267.00;14.00;253.00;2024-11-24 19:00:00+00:00;49.00;47.00;49.00
2024-11-24;21;100.00;0.00;0.00;0.00;0.91;2024-11-24 21:00:00+01:00;11.00;223.00;6.00;217.00;2024-11-24 20:00:00+00:00;55.00;53.00;55.00
2024-11-24;22;100.00;0.00;0.00;0.00;0.91;2024-11-24 22:00:00+01:00;11.00;166.00;5.00;161.00;2024-11-24 21:00:00+00:00;54.00;55.00;54.00
2024-11-24;23;100.00;0.00;0.00;0.00;0.91;2024-11-24 23:00:00+01:00;11.00;98.00;5.00;93.00;2024-11-24 22:00:00+00:00;56.00;55.00;56.00
2024-11-25;0;NaN;NaN;NaN;NaN;NaN;NaN;NaN;NaN;NaN;NaN;2024-11-24 23:00:00+00:00;NaN;NaN;NaN
2024-11-25;1;NaN;NaN;NaN;NaN;NaN;NaN;NaN;NaN;NaN;NaN;2024-11-25 00:00:00+00:00;NaN;NaN;NaN
2024-11-25;2;NaN;NaN;NaN;NaN;NaN;NaN;NaN;NaN;NaN;NaN;2024-11-25 01:00:00+00:00;NaN;NaN;NaN
2024-11-25;3;NaN;NaN;NaN;NaN;NaN;NaN;NaN;NaN;NaN;NaN;2024-11-25 02:00:00+00:00;NaN;NaN;NaN
2024-11-25;4;NaN;NaN;NaN;NaN;NaN;NaN;NaN;NaN;NaN;NaN;2024-11-25 03:00:00+00:00;NaN;NaN;NaN
2024-11-25;5;NaN;NaN;NaN;NaN;NaN;NaN;NaN;NaN;NaN;NaN;2024-11-25 04:00:00+00:00;NaN;NaN;NaN
2024-11-25;6;NaN;NaN;NaN;NaN;NaN;NaN;NaN;NaN;NaN;NaN;2024-11-25 05:00:00+00:00;NaN;NaN;NaN
2024-11-25;7;NaN;NaN;NaN;NaN;NaN;NaN;NaN;NaN;NaN;NaN;2024-11-25 06:00:00+00:00;NaN;NaN;NaN
2024-11-25;8;NaN;NaN;NaN;NaN;NaN;NaN;NaN;NaN;NaN;NaN;2024-11-25 07:00:00+00:00;NaN;NaN;NaN
2024-11-25;9;NaN;NaN;NaN;NaN;NaN;NaN;NaN;NaN;NaN;NaN;2024-11-25 08:00:00+00:00;NaN;NaN;NaN
2024-11-25;10;NaN;NaN;NaN;NaN;NaN;NaN;NaN;NaN;NaN;NaN;2024-11-25 09:00:00+00:00;NaN;NaN;NaN
2024-11-25;11;NaN;NaN;NaN;NaN;NaN;NaN;NaN;NaN;NaN;NaN;2024-11-25 10:00:00+00:00;NaN;NaN;NaN
2024-11-25;12;NaN;NaN;NaN;NaN;NaN;NaN;NaN;NaN;NaN;NaN;2024-11-25 11:00:00+00:00;NaN;NaN;NaN
2024-11-25;13;NaN;NaN;NaN;NaN;NaN;NaN;NaN;NaN;NaN;NaN;2024-11-25 12:00:00+00:00;NaN;NaN;NaN
2024-11-25;14;NaN;NaN;NaN;NaN;NaN;NaN;NaN;NaN;NaN;NaN;2024-11-25 13:00:00+00:00;NaN;NaN;NaN
2024-11-25;15;NaN;NaN;NaN;NaN;NaN;NaN;NaN;NaN;NaN;NaN;2024-11-25 14:00:00+00:00;NaN;NaN;NaN
2024-11-25;16;NaN;NaN;NaN;NaN;NaN;NaN;NaN;NaN;NaN;NaN;2024-11-25 15:00:00+00:00;NaN;NaN;NaN
2024-11-25;17;NaN;NaN;NaN;NaN;NaN;NaN;NaN;NaN;NaN;NaN;2024-11-25 16:00:00+00:00;NaN;NaN;NaN
2024-11-25;18;NaN;NaN;NaN;NaN;NaN;NaN;NaN;NaN;NaN;NaN;2024-11-25 17:00:00+00:00;NaN;NaN;NaN
2024-11-25;19;NaN;NaN;NaN;NaN;NaN;NaN;NaN;NaN;NaN;NaN;2024-11-25 18:00:00+00:00;NaN;NaN;NaN
2024-11-25;20;NaN;NaN;NaN;NaN;NaN;NaN;NaN;NaN;NaN;NaN;2024-11-25 19:00:00+00:00;NaN;NaN;NaN
2024-11-25;21;NaN;NaN;NaN;NaN;NaN;NaN;NaN;NaN;NaN;NaN;2024-11-25 20:00:00+00:00;NaN;NaN;NaN
2024-11-25;22;NaN;NaN;NaN;NaN;NaN;NaN;NaN;NaN;NaN;NaN;2024-11-25 21:00:00+00:00;NaN;NaN;NaN
2024-11-25;23;NaN;NaN;NaN;NaN;NaN;NaN;NaN;NaN;NaN;NaN;2024-11-25 22:00:00+00:00;NaN;NaN;NaN
2024-11-25;0;100.00;0.00;0.00;0.00;0.91;2024-11-25 00:00:00+01:00;11.00;73.00;2.00;71.00;2024-11-24 23:00:00+00:00;55.00;50.00;55.00
2024-11-25;1;100.00;0.52;0.00;0.00;0.93;2024-11-25 01:00:00+01:00;11.00;44.00;3.00;41.00;2024-11-25 00:00:00+00:00;56.00;52.00;57.00
2024-11-25;2;100.00;0.52;0.00;0.00;0.93;2024-11-25 02:00:00+01:00;11.00;26.00;1.00;25.00;2024-11-25 01:00:00+00:00;54.00;33.00;55.00
2024-11-25;3;100.00;0.52;0.00;0.00;0.93;2024-11-25 03:00:00+01:00;11.00;28.00;7.00;21.00;2024-11-25 02:00:00+00:00;60.00;59.00;61.00
2024-11-25;4;100.00;0.52;0.00;0.00;0.93;2024-11-25 04:00:00+01:00;11.00;42.00;10.00;32.00;2024-11-25 03:00:00+00:00;58.00;57.00;58.00
2024-11-25;5;100.00;0.52;0.00;0.00;0.93;2024-11-25 05:00:00+01:00;11.00;111.00;14.00;97.00;2024-11-25 04:00:00+00:00;58.00;58.00;58.00
2024-11-25;6;100.00;0.52;0.00;0.00;0.93;2024-11-25 06:00:00+01:00;11.00;219.00;20.00;199.00;2024-11-25 05:00:00+00:00;48.00;48.00;48.00
2024-11-25;7;100.00;0.52;0.00;0.00;0.93;2024-11-25 07:00:00+01:00;11.00;400.00;29.00;371.00;2024-11-25 06:00:00+00:00;41.00;41.00;41.00
2024-11-25;8;100.00;0.52;0.00;0.00;0.93;2024-11-25 08:00:00+01:00;11.00;395.00;29.00;366.00;2024-11-25 07:00:00+00:00;41.00;40.00;41.00
2024-11-25;9;100.00;0.52;0.00;0.00;0.93;2024-11-25 09:00:00+01:00;11.00;402.00;32.00;370.00;2024-11-25 08:00:00+00:00;42.00;42.00;41.00
2024-11-25;10;100.00;0.52;0.00;0.00;0.93;2024-11-25 10:00:00+01:00;11.00;430.00;34.00;396.00;2024-11-25 09:00:00+00:00;41.00;41.00;41.00
2024-11-25;11;100.00;0.52;0.00;0.00;0.93;2024-11-25 11:00:00+01:00;11.00;479.00;26.00;453.00;2024-11-25 10:00:00+00:00;42.00;42.00;42.00
2024-11-25;12;100.00;0.52;0.00;0.00;0.93;2024-11-25 12:00:00+01:00;11.00;474.00;35.00;439.00;2024-11-25 11:00:00+00:00;42.00;42.00;42.00
2024-11-25;13;100.00;0.52;0.00;0.00;0.93;2024-11-25 13:00:00+01:00;11.00;473.00;19.00;454.00;2024-11-25 12:00:00+00:00;43.00;42.00;43.00
2024-11-25;14;83.00;0.52;0.00;0.00;0.93;2024-11-25 14:00:00+01:00;11.00;569.00;19.00;550.00;2024-11-25 13:00:00+00:00;41.00;42.00;41.00
2024-11-25;15;100.00;0.52;0.00;0.00;0.93;2024-11-25 15:00:00+01:00;11.00;617.00;22.00;595.00;2024-11-25 14:00:00+00:00;40.00;40.00;40.00
2024-11-25;16;100.00;0.52;0.00;0.00;0.93;2024-11-25 16:00:00+01:00;11.00;648.00;15.00;633.00;2024-11-25 15:00:00+00:00;40.00;38.00;40.00
2024-11-25;17;83.00;0.52;0.00;0.00;0.93;2024-11-25 17:00:00+01:00;11.00;602.00;12.00;590.00;2024-11-25 16:00:00+00:00;42.00;43.00;42.00
2024-11-25;18;100.00;0.52;0.00;0.00;0.93;2024-11-25 18:00:00+01:00;11.00;540.00;9.00;531.00;2024-11-25 17:00:00+00:00;48.00;48.00;48.00
2024-11-25;19;100.00;0.52;0.00;0.00;0.93;2024-11-25 19:00:00+01:00;11.00;421.00;11.00;410.00;2024-11-25 18:00:00+00:00;53.00;53.00;53.00
2024-11-25;20;75.00;0.52;0.00;0.00;0.93;2024-11-25 20:00:00+01:00;11.00;352.00;9.00;343.00;2024-11-25 19:00:00+00:00;51.00;51.00;51.00
2024-11-25;21;67.00;0.52;0.00;0.00;0.93;2024-11-25 21:00:00+01:00;11.00;278.00;2.00;276.00;2024-11-25 20:00:00+00:00;55.00;56.00;55.00
2024-11-25;22;75.00;0.52;0.00;0.00;0.93;2024-11-25 22:00:00+01:00;11.00;213.00;1.00;212.00;2024-11-25 21:00:00+00:00;56.00;55.00;56.00
2024-11-25;23;100.00;0.52;0.00;0.00;0.93;2024-11-25 23:00:00+01:00;11.00;136.00;5.00;131.00;2024-11-25 22:00:00+00:00;54.00;56.00;54.00
2024-11-26;0;NaN;NaN;NaN;NaN;NaN;NaN;NaN;NaN;NaN;NaN;2024-11-25 23:00:00+00:00;NaN;NaN;NaN
2024-11-26;1;NaN;NaN;NaN;NaN;NaN;NaN;NaN;NaN;NaN;NaN;2024-11-26 00:00:00+00:00;NaN;NaN;NaN
2024-11-26;2;NaN;NaN;NaN;NaN;NaN;NaN;NaN;NaN;NaN;NaN;2024-11-26 01:00:00+00:00;NaN;NaN;NaN
2024-11-26;3;NaN;NaN;NaN;NaN;NaN;NaN;NaN;NaN;NaN;NaN;2024-11-26 02:00:00+00:00;NaN;NaN;NaN
2024-11-26;4;NaN;NaN;NaN;NaN;NaN;NaN;NaN;NaN;NaN;NaN;2024-11-26 03:00:00+00:00;NaN;NaN;NaN
2024-11-26;5;NaN;NaN;NaN;NaN;NaN;NaN;NaN;NaN;NaN;NaN;2024-11-26 04:00:00+00:00;NaN;NaN;NaN
2024-11-26;6;NaN;NaN;NaN;NaN;NaN;NaN;NaN;NaN;NaN;NaN;2024-11-26 05:00:00+00:00;NaN;NaN;NaN
2024-11-26;7;NaN;NaN;NaN;NaN;NaN;NaN;NaN;NaN;NaN;NaN;2024-11-26 06:00:00+00:00;NaN;NaN;NaN
2024-11-26;8;NaN;NaN;NaN;NaN;NaN;NaN;NaN;NaN;NaN;NaN;2024-11-26 07:00:00+00:00;NaN;NaN;NaN
2024-11-26;9;NaN;NaN;NaN;NaN;NaN;NaN;NaN;NaN;NaN;NaN;2024-11-26 08:00:00+00:00;NaN;NaN;NaN
2024-11-26;10;NaN;NaN;NaN;NaN;NaN;NaN;NaN;NaN;NaN;NaN;2024-11-26 09:00:00+00:00;NaN;NaN;NaN
2024-11-26;11;NaN;NaN;NaN;NaN;NaN;NaN;NaN;NaN;NaN;NaN;2024-11-26 10:00:00+00:00;NaN;NaN;NaN
2024-11-26;12;NaN;NaN;NaN;NaN;NaN;NaN;NaN;NaN;NaN;NaN;2024-11-26 11:00:00+00:00;NaN;NaN;NaN
2024-11-26;13;NaN;NaN;NaN;NaN;NaN;NaN;NaN;NaN;NaN;NaN;2024-11-26 12:00:00+00:00;NaN;NaN;NaN
2024-11-26;14;NaN;NaN;NaN;NaN;NaN;NaN;NaN;NaN;NaN;NaN;2024-11-26 13:00:00+00:00;NaN;NaN;NaN
2024-11-26;15;NaN;NaN;NaN;NaN;NaN;NaN;NaN;NaN;NaN;NaN;2024-11-26 14:00:00+00:00;NaN;NaN;NaN
2024-11-26;16;NaN;NaN;NaN;NaN;NaN;NaN;NaN;NaN;NaN;NaN;2024-11-26 15:00:00+00:00;NaN;NaN;NaN
2024-11-26;17;NaN;NaN;NaN;NaN;NaN;NaN;NaN;NaN;NaN;NaN;2024-11-26 16:00:00+00:00;NaN;NaN;NaN
2024-11-26;18;NaN;NaN;NaN;NaN;NaN;NaN;NaN;NaN;NaN;NaN;2024-11-26 17:00:00+00:00;NaN;NaN;NaN
2024-11-26;19;NaN;NaN;NaN;NaN;NaN;NaN;NaN;NaN;NaN;NaN;2024-11-26 18:00:00+00:00;NaN;NaN;NaN
2024-11-26;20;NaN;NaN;NaN;NaN;NaN;NaN;NaN;NaN;NaN;NaN;2024-11-26 19:00:00+00:00;NaN;NaN;NaN
2024-11-26;21;NaN;NaN;NaN;NaN;NaN;NaN;NaN;NaN;NaN;NaN;2024-11-26 20:00:00+00:00;NaN;NaN;NaN
2024-11-26;22;NaN;NaN;NaN;NaN;NaN;NaN;NaN;NaN;NaN;NaN;2024-11-26 21:00:00+00:00;NaN;NaN;NaN
2024-11-26;23;NaN;NaN;NaN;NaN;NaN;NaN;NaN;NaN;NaN;NaN;2024-11-26 22:00:00+00:00;NaN;NaN;NaN
2024-11-26;0;83.00;0.52;0.00;0.00;0.93;2024-11-26 00:00:00+01:00;11.00;58.00;1.00;56.00;2024-11-25 23:00:00+00:00;55.00;53.00;55.00
2024-11-26;1;100.00;0.12;0.00;0.00;0.93;2024-11-26 01:00:00+01:00;11.00;49.00;3.00;46.00;2024-11-26 00:00:00+00:00;58.00;63.00;58.00
2024-11-26;2;100.00;0.12;0.00;0.00;0.93;2024-11-26 02:00:00+01:00;11.00;31.00;0.00;31.00;2024-11-26 01:00:00+00:00;64.00;NaN;64.00
2024-11-26;3;100.00;0.12;0.00;0.00;0.93;2024-11-26 03:00:00+01:00;11.00;29.00;5.00;24.00;2024-11-26 02:00:00+00:00;65.00;69.00;64.00
2024-11-26;4;100.00;0.12;0.00;0.00;0.93;2024-11-26 04:00:00+01:00;11.00;47.00;2.00;45.00;2024-11-26 03:00:00+00:00;65.00;64.00;65.00
2024-11-26;5;100.00;0.12;0.00;0.00;0.93;2024-11-26 05:00:00+01:00;11.00;86.00;6.00;80.00;2024-11-26 04:00:00+00:00;64.00;63.00;64.00
2024-11-26;6;100.00;0.12;0.00;0.00;0.93;2024-11-26 06:00:00+01:00;11.00;207.00;9.00;198.00;2024-11-26 05:00:00+00:00;54.00;52.00;54.00
2024-11-26;7;100.00;0.12;0.00;0.00;0.93;2024-11-26 07:00:00+01:00;11.00;403.00;12.00;391.00;2024-11-26 06:00:00+00:00;42.00;44.00;42.00
2024-11-26;8;100.00;0.12;0.00;0.00;0.93;2024-11-26 08:00:00+01:00;11.00;411.00;12.00;399.00;2024-11-26 07:00:00+00:00;42.00;41.00;42.00
2024-11-26;9;100.00;0.12;0.00;0.00;0.93;2024-11-26 09:00:00+01:00;11.00;450.00;21.00;429.00;2024-11-26 08:00:00+00:00;41.00;40.00;41.00
2024-11-26;10;100.00;0.12;0.00;0.00;0.93;2024-11-26 10:00:00+01:00;11.00;427.00;18.00;409.00;2024-11-26 09:00:00+00:00;40.00;41.00;40.00
2024-11-26;11;100.00;0.12;0.00;0.00;0.93;2024-11-26 11:00:00+01:00;11.00;498.00;29.00;469.00;2024-11-26 10:00:00+00:00;40.00;40.00;40.00
2024-11-26;12;100.00;0.12;0.00;0.00;0.93;2024-11-26 12:00:00+01:00;11.00;514.00;39.00;475.00;2024-11-26 11:00:00+00:00;41.00;41.00;40.00
2024-11-26;13;100.00;0.12;0.00;0.00;0.93;2024-11-26 13:00:00+01:00;11.00;518.00;14.00;504.00;2024-11-26 12:00:00+00:00;41.00;41.00;41.00
2024-11-26;14;100.00;0.12;0.00;0.00;0.93;2024-11-26 14:00:00+01:00;11.00;628.00;30.00;598.00;2024-11-26 13:00:00+00:00;34.00;34.00;34.00
2024-11-26;15;100.00;0.12;0.00;0.00;0.93;2024-11-26 15:00:00+01:00;11.00;540.00;25.00;515.00;2024-11-26 14:00:00+00:00;32.00;26.00;32.00
2024-11-26;16;100.00;0.12;0.00;0.00;0.93;2024-11-26 16:00:00+01:00;11.00;547.00;16.00;531.00;2024-11-26 15:00:00+00:00;31.00;28.00;32.00
2024-11-26;17;100.00;0.12;0.00;0.00;0.93;2024-11-26 17:00:00+01:00;11.00;594.00;11.00;583.00;2024-11-26 16:00:00+00:00;38.00;36.00;38.00
2024-11-26;18;100.00;0.12;0.00;0.00;0.93;2024-11-26 18:00:00+01:00;11.00;578.00;11.00;567.00;2024-11-26 17:00:00+00:00;44.00;45.00;44.00
2024-11-26;19;100.00;0.12;0.00;0.00;0.93;2024-11-26 19:00:00+01:00;11.00;505.00;5.00;500.00;2024-11-26 18:00:00+00:00;49.00;48.00;49.00
2024-11-26;20;100.00;0.12;0.00;0.00;0.93;2024-11-26 20:00:00+01:00;11.00;372.00;6.00;366.00;2024-11-26 19:00:00+00:00;49.00;51.00;49.00
2024-11-26;21;100.00;0.12;0.00;0.00;0.93;2024-11-26 21:00:00+01:00;11.00;279.00;5.00;274.00;2024-11-26 20:00:00+00:00;49.00;49.00;49.00
2024-11-26;22;100.00;0.12;0.00;0.00;0.93;2024-11-26 22:00:00+01:00;11.00;227.00;4.00;223.00;2024-11-26 21:00:00+00:00;51.00;50.00;51.00
2024-11-26;23;100.00;0.12;0.00;0.00;0.93;2024-11-26 23:00:00+01:00;11.00;142.00;5.00;137.00;2024-11-26 22:00:00+00:00;51.00;52.00;51.00
2024-11-27;0;NaN;NaN;NaN;NaN;NaN;NaN;NaN;NaN;NaN;NaN;2024-11-26 23:00:00+00:00;NaN;NaN;NaN
2024-11-27;1;NaN;NaN;NaN;NaN;NaN;NaN;NaN;NaN;NaN;NaN;2024-11-27 00:00:00+00:00;NaN;NaN;NaN
2024-11-27;2;NaN;NaN;NaN;NaN;NaN;NaN;NaN;NaN;NaN;NaN;2024-11-27 01:00:00+00:00;NaN;NaN;NaN
2024-11-27;3;NaN;NaN;NaN;NaN;NaN;NaN;NaN;NaN;NaN;NaN;2024-11-27 02:00:00+00:00;NaN;NaN;NaN
2024-11-27;4;NaN;NaN;NaN;NaN;NaN;NaN;NaN;NaN;NaN;NaN;2024-11-27 03:00:00+00:00;NaN;NaN;NaN
2024-11-27;5;NaN;NaN;NaN;NaN;NaN;NaN;NaN;NaN;NaN;NaN;2024-11-27 04:00:00+00:00;NaN;NaN;NaN
2024-11-27;6;NaN;NaN;NaN;NaN;NaN;NaN;NaN;NaN;NaN;NaN;2024-11-27 05:00:00+00:00;NaN;NaN;NaN
2024-11-27;7;NaN;NaN;NaN;NaN;NaN;NaN;NaN;NaN;NaN;NaN;2024-11-27 06:00:00+00:00;NaN;NaN;NaN
2024-11-27;8;NaN;NaN;NaN;NaN;NaN;NaN;NaN;NaN;NaN;NaN;2024-11-27 07:00:00+00:00;NaN;NaN;NaN
2024-11-27;9;NaN;NaN;NaN;NaN;NaN;NaN;NaN;NaN;NaN;NaN;2024-11-27 08:00:00+00:00;NaN;NaN;NaN
2024-11-27;10;NaN;NaN;NaN;NaN;NaN;NaN;NaN;NaN;NaN;NaN;2024-11-27 09:00:00+00:00;NaN;NaN;NaN
2024-11-27;11;NaN;NaN;NaN;NaN;NaN;NaN;NaN;NaN;NaN;NaN;2024-11-27 10:00:00+00:00;NaN;NaN;NaN
2024-11-27;12;NaN;NaN;NaN;NaN;NaN;NaN;NaN;NaN;NaN;NaN;2024-11-27 11:00:00+00:00;NaN;NaN;NaN
2024-11-27;13;NaN;NaN;NaN;NaN;NaN;NaN;NaN;NaN;NaN;NaN;2024-11-27 12:00:00+00:00;NaN;NaN;NaN
2024-11-27;14;NaN;NaN;NaN;NaN;NaN;NaN;NaN;NaN;NaN;NaN;2024-11-27 13:00:00+00:00;NaN;NaN;NaN
2024-11-27;15;NaN;NaN;NaN;NaN;NaN;NaN;NaN;NaN;NaN;NaN;2024-11-27 14:00:00+00:00;NaN;NaN;NaN
2024-11-27;16;NaN;NaN;NaN;NaN;NaN;NaN;NaN;NaN;NaN;NaN;2024-11-27 15:00:00+00:00;NaN;NaN;NaN
2024-11-27;17;NaN;NaN;NaN;NaN;NaN;NaN;NaN;NaN;NaN;NaN;2024-11-27 16:00:00+00:00;NaN;NaN;NaN
2024-11-27;18;NaN;NaN;NaN;NaN;NaN;NaN;NaN;NaN;NaN;NaN;2024-11-27 17:00:00+00:00;NaN;NaN;NaN
2024-11-27;19;NaN;NaN;NaN;NaN;NaN;NaN;NaN;NaN;NaN;NaN;2024-11-27 18:00:00+00:00;NaN;NaN;NaN
2024-11-27;20;NaN;NaN;NaN;NaN;NaN;NaN;NaN;NaN;NaN;NaN;2024-11-27 19:00:00+00:00;NaN;NaN;NaN
2024-11-27;21;NaN;NaN;NaN;NaN;NaN;NaN;NaN;NaN;NaN;NaN;2024-11-27 20:00:00+00:00;NaN;NaN;NaN
2024-11-27;22;NaN;NaN;NaN;NaN;NaN;NaN;NaN;NaN;NaN;NaN;2024-11-27 21:00:00+00:00;NaN;NaN;NaN
2024-11-27;23;NaN;NaN;NaN;NaN;NaN;NaN;NaN;NaN;NaN;NaN;2024-11-27 22:00:00+00:00;NaN;NaN;NaN
2024-11-27;0;100.00;0.12;0.00;0.00;0.93;2024-11-27 00:00:00+01:00;11.00;77.00;2.00;75.00;2024-11-26 23:00:00+00:00;55.00;49.00;56.00
2024-11-27;1;100.00;-0.07;0.00;0.00;0.94;2024-11-27 01:00:00+01:00;11.00;57.00;0.00;57.00;2024-11-27 00:00:00+00:00;57.00;NaN;57.00
2024-11-27;2;100.00;-0.07;0.00;0.00;0.94;2024-11-27 02:00:00+01:00;11.00;40.00;2.00;38.00;2024-11-27 01:00:00+00:00;64.00;80.00;63.00
2024-11-27;3;100.00;-0.07;0.00;0.00;0.94;2024-11-27 03:00:00+01:00;11.00;39.00;3.00;36.00;2024-11-27 02:00:00+00:00;65.00;55.00;65.00
2024-11-27;4;100.00;-0.07;0.00;0.00;0.94;2024-11-27 04:00:00+01:00;11.00;67.00;5.00;62.00;2024-11-27 03:00:00+00:00;56.00;58.00;56.00
2024-11-27;5;100.00;-0.07;0.00;0.00;0.94;2024-11-27 05:00:00+01:00;11.00;105.00;6.00;99.00;2024-11-27 04:00:00+00:00;57.00;56.00;57.00
2024-11-27;6;100.00;-0.07;0.00;0.00;0.94;2024-11-27 06:00:00+01:00;11.00;211.00;11.00;200.00;2024-11-27 05:00:00+00:00;46.00;48.00;46.00
2024-11-27;7;100.00;-0.07;0.00;0.00;0.94;2024-11-27 07:00:00+01:00;11.00;381.00;17.00;364.00;2024-11-27 06:00:00+00:00;39.00;39.00;39.00
2024-11-27;8;100.00;-0.07;0.00;0.00;0.94;2024-11-27 08:00:00+01:00;11.00;412.00;16.00;396.00;2024-11-27 07:00:00+00:00;41.00;41.00;41.00
2024-11-27;9;100.00;-0.07;0.00;0.00;0.94;2024-11-27 09:00:00+01:00;11.00;420.00;16.00;404.00;2024-11-27 08:00:00+00:00;41.00;41.00;41.00
2024-11-27;10;100.00;-0.07;0.00;0.00;0.94;2024-11-27 10:00:00+01:00;11.00;441.00;36.00;405.00;2024-11-27 09:00:00+00:00;40.00;40.00;40.00
2024-11-27;11;100.00;-0.07;0.00;0.00;0.94;2024-11-27 11:00:00+01:00;11.00;458.00;27.00;431.00;2024-11-27 10:00:00+00:00;40.00;40.00;40.00
2024-11-27;12;100.00;-0.07;0.00;0.00;0.94;2024-11-27 12:00:00+01:00;11.00;491.00;32.00;459.00;2024-11-27 11:00:00+00:00;39.00;39.00;39.00
2024-11-27;13;100.00;-0.07;0.00;0.00;0.94;2024-11-27 13:00:00+01:00;11.00;556.00;24.00;532.00;2024-11-27 12:00:00+00:00;39.00;39.00;39.00
2024-11-27;14;100.00;-0.07;0.00;0.00;0.94;2024-11-27 14:00:00+01:00;11.00;593.00;11.00;582.00;2024-11-27 13:00:00+00:00;41.00;39.00;41.00
2024-11-27;15;100.00;-0.07;0.00;0.00;0.94;2024-11-27 15:00:00+01:00;11.00;600.00;15.00;585.00;2024-11-27 14:00:00+00:00;36.00;32.00;36.00
2024-11-27;16;100.00;-0.07;0.00;0.00;0.94;2024-11-27 16:00:00+01:00;11.00;596.00;9.00;587.00;2024-11-27 15:00:00+00:00;37.00;37.00;37.00
2024-11-27;17;100.00;-0.07;0.00;0.00;0.94;2024-11-27 17:00:00+01:00;11.00;516.00;14.00;502.00;2024-11-27 16:00:00+00:00;35.00;32.00;35.00
2024-11-27;18;100.00;-0.07;0.00;0.00;0.94;2024-11-27 18:00:00+01:00;11.00;558.00;10.00;548.00;2024-11-27 17:00:00+00:00;47.00;45.00;47.00
2024-11-27;19;100.00;-0.07;0.00;0.00;0.94;2024-11-27 19:00:00+01:00;11.00;455.00;8.00;447.00;2024-11-27 18:00:00+00:00;54.00;54.00;54.00
2024-11-27;20;100.00;-0.07;0.00;0.00;0.94;2024-11-27 20:00:00+01:00;11.00;355.00;3.00;352.00;2024-11-27 19:00:00+00:00;54.00;54.00;54.00
2024-11-27;21;100.00;-0.07;0.00;0.00;0.94;2024-11-27 21:00:00+01:00;11.00;308.00;3.00;305.00;2024-11-27 20:00:00+00:00;56.00;57.00;56.00
2024-11-27;22;100.00;-0.07;0.00;0.00;0.94;2024-11-27 22:00:00+01:00;11.00;229.00;3.00;226.00;2024-11-27 21:00:00+00:00;57.00;55.00;57.00
2024-11-27;23;100.00;-0.07;0.00;0.00;0.94;2024-11-27 23:00:00+01:00;11.00;163.00;3.00;160.00;2024-11-27 22:00:00+00:00;62.00;60.00;62.00
2024-11-28;0;NaN;NaN;NaN;NaN;NaN;NaN;NaN;NaN;NaN;NaN;2024-11-27 23:00:00+00:00;NaN;NaN;NaN
2024-11-28;1;NaN;NaN;NaN;NaN;NaN;NaN;NaN;NaN;NaN;NaN;2024-11-28 00:00:00+00:00;NaN;NaN;NaN
2024-11-28;2;NaN;NaN;NaN;NaN;NaN;NaN;NaN;NaN;NaN;NaN;2024-11-28 01:00:00+00:00;NaN;NaN;NaN
2024-11-28;3;NaN;NaN;NaN;NaN;NaN;NaN;NaN;NaN;NaN;NaN;2024-11-28 02:00:00+00:00;NaN;NaN;NaN
2024-11-28;4;NaN;NaN;NaN;NaN;NaN;NaN;NaN;NaN;NaN;NaN;2024-11-28 03:00:00+00:00;NaN;NaN;NaN
2024-11-28;5;NaN;NaN;NaN;NaN;NaN;NaN;NaN;NaN;NaN;NaN;2024-11-28 04:00:00+00:00;NaN;NaN;NaN
2024-11-28;6;NaN;NaN;NaN;NaN;NaN;NaN;NaN;NaN;NaN;NaN;2024-11-28 05:00:00+00:00;NaN;NaN;NaN
2024-11-28;7;NaN;NaN;NaN;NaN;NaN;NaN;NaN;NaN;NaN;NaN;2024-11-28 06:00:00+00:00;NaN;NaN;NaN
2024-11-28;8;NaN;NaN;NaN;NaN;NaN;NaN;NaN;NaN;NaN;NaN;2024-11-28 07:00:00+00:00;NaN;NaN;NaN
2024-11-28;9;NaN;NaN;NaN;NaN;NaN;NaN;NaN;NaN;NaN;NaN;2024-11-28 08:00:00+00:00;NaN;NaN;NaN
2024-11-28;10;NaN;NaN;NaN;NaN;NaN;NaN;NaN;NaN;NaN;NaN;2024-11-28 09:00:00+00:00;NaN;NaN;NaN
2024-11-28;11;NaN;NaN;NaN;NaN;NaN;NaN;NaN;NaN;NaN;NaN;2024-11-28 10:00:00+00:00;NaN;NaN;NaN
2024-11-28;12;NaN;NaN;NaN;NaN;NaN;NaN;NaN;NaN;NaN;NaN;2024-11-28 11:00:00+00:00;NaN;NaN;NaN
2024-11-28;13;NaN;NaN;NaN;NaN;NaN;NaN;NaN;NaN;NaN;NaN;2024-11-28 12:00:00+00:00;NaN;NaN;NaN
2024-11-28;14;NaN;NaN;NaN;NaN;NaN;NaN;NaN;NaN;NaN;NaN;2024-11-28 13:00:00+00:00;NaN;NaN;NaN
2024-11-28;15;NaN;NaN;NaN;NaN;NaN;NaN;NaN;NaN;NaN;NaN;2024-11-28 14:00:00+00:00;NaN;NaN;NaN
2024-11-28;16;NaN;NaN;NaN;NaN;NaN;NaN;NaN;NaN;NaN;NaN;2024-11-28 15:00:00+00:00;NaN;NaN;NaN
2024-11-28;17;NaN;NaN;NaN;NaN;NaN;NaN;NaN;NaN;NaN;NaN;2024-11-28 16:00:00+00:00;NaN;NaN;NaN
2024-11-28;18;NaN;NaN;NaN;NaN;NaN;NaN;NaN;NaN;NaN;NaN;2024-11-28 17:00:00+00:00;NaN;NaN;NaN
2024-11-28;19;NaN;NaN;NaN;NaN;NaN;NaN;NaN;NaN;NaN;NaN;2024-11-28 18:00:00+00:00;NaN;NaN;NaN
2024-11-28;20;NaN;NaN;NaN;NaN;NaN;NaN;NaN;NaN;NaN;NaN;2024-11-28 19:00:00+00:00;NaN;NaN;NaN
2024-11-28;21;NaN;NaN;NaN;NaN;NaN;NaN;NaN;NaN;NaN;NaN;2024-11-28 20:00:00+00:00;NaN;NaN;NaN
2024-11-28;22;NaN;NaN;NaN;NaN;NaN;NaN;NaN;NaN;NaN;NaN;2024-11-28 21:00:00+00:00;NaN;NaN;NaN
2024-11-28;23;NaN;NaN;NaN;NaN;NaN;NaN;NaN;NaN;NaN;NaN;2024-11-28 22:00:00+00:00;NaN;NaN;NaN
2024-11-28;0;100.00;-0.07;0.00;0.00;0.94;2024-11-28 00:00:00+01:00;11.00;83.00;0.00;83.00;2024-11-27 23:00:00+00:00;56.00;NaN;56.00
2024-11-28;1;100.00;0.06;-2.66;0.00;0.90;2024-11-28 01:00:00+01:00;11.00;51.00;0.00;51.00;2024-11-28 00:00:00+00:00;57.00;NaN;57.00
2024-11-28;2;100.00;0.06;-2.66;0.00;0.90;2024-11-28 02:00:00+01:00;11.00;30.00;1.00;29.00;2024-11-28 01:00:00+00:00;60.00;73.00;59.00
2024-11-28;3;100.00;0.06;-2.66;0.00;0.90;2024-11-28 03:00:00+01:00;11.00;43.00;4.00;39.00;2024-11-28 02:00:00+00:00;65.00;66.00;65.00
2024-11-28;4;100.00;0.06;-2.66;0.00;0.90;2024-11-28 04:00:00+01:00;11.00;49.00;10.00;39.00;2024-11-28 03:00:00+00:00;65.00;66.00;64.00
2024-11-28;5;100.00;0.06;-2.66;0.00;0.90;2024-11-28 05:00:00+01:00;11.00;135.00;9.00;126.00;2024-11-28 04:00:00+00:00;66.00;65.00;66.00
2024-11-28;6;100.00;0.06;-2.66;0.00;0.90;2024-11-28 06:00:00+01:00;11.00;203.00;14.00;189.00;2024-11-28 05:00:00+00:00;49.00;49.00;49.00
2024-11-28;7;100.00;0.06;-2.66;0.00;0.90;2024-11-28 07:00:00+01:00;11.00;394.00;21.00;373.00;2024-11-28 06:00:00+00:00;43.00;43.00;43.00
2024-11-28;8;100.00;0.06;-2.66;0.00;0.90;2024-11-28 08:00:00+01:00;11.00;394.00;21.00;373.00;2024-11-28 07:00:00+00:00;42.00;41.00;42.00
2024-11-28;9;100.00;0.06;-2.66;0.00;0.90;2024-11-28 09:00:00+01:00;11.00;401.00;25.00;376.00;2024-11-28 08:00:00+00:00;44.00;44.00;44.00
2024-11-28;10;100.00;0.06;-2.66;0.00;0.90;2024-11-28 10:00:00+01:00;11.00;407.00;30.00;377.00;2024-11-28 09:00:00+00:00;43.00;44.00;43.00
2024-11-28;11;100.00;0.06;-2.66;0.00;0.90;2024-11-28 11:00:00+01:00;11.00;481.00;19.00;462.00;2024-11-28 10:00:00+00:00;42.00;43.00;42.00
2024-11-28;12;100.00;0.06;-2.66;0.00;0.90;2024-11-28 12:00:00+01:00;11.00;521.00;18.00;503.00;2024-11-28 11:00:00+00:00;42.00;42.00;42.00
2024-11-28;13;100.00;0.06;-2.66;0.00;0.90;2024-11-28 13:00:00+01:00;11.00;450.00;7.00;443.00;2024-11-28 12:00:00+00:00;44.00;45.00;44.00
2024-11-28;14;100.00;0.06;-2.66;0.00;0.90;2024-11-28 14:00:00+01:00;11.00;512.00;8.00;504.00;2024-11-28 13:00:00+00:00;43.00;45.00;43.00
2024-11-28;15;100.00;0.06;-2.66;0.00;0.90;2024-11-28 15:00:00+01:00;11.00;514.00;4.00;510.00;2024-11-28 14:00:00+00:00;46.00;46.00;46.00
2024-11-28;16;100.00;0.06;-2.66;0.00;0.90;2024-11-28 16:00:00+01:00;11.00;506.00;5.00;501.00;2024-11-28 15:00:00+00:00;45.00;46.00;45.00
2024-11-28;17;100.00;0.06;-2.66;0.00;0.90;2024-11-28 17:00:00+01:00;11.00;571.00;10.00;561.00;2024-11-28 16:00:00+00:00;40.00;38.00;40.00
2024-11-28;18;100.00;0.06;-2.66;0.00;0.90;2024-11-28 18:00:00+01:00;11.00;516.00;11.00;505.00;2024-11-28 17:00:00+00:00;51.00;48.00;51.00
2024-11-28;19;100.00;0.06;-2.66;0.00;0.90;2024-11-28 19:00:00+01:00;11.00;515.00;6.00;509.00;2024-11-28 18:00:00+00:00;57.00;57.00;57.00
2024-11-28;20;100.00;0.06;-2.66;0.00;0.90;2024-11-28 20:00:00+01:00;11.00;368.00;7.00;361.00;2024-11-28 19:00:00+00:00;56.00;57.00;56.00
2024-11-28;21;100.00;0.06;-2.66;0.00;0.90;2024-11-28 21:00:00+01:00;11.00;304.00;6.00;298.00;2024-11-28 20:00:00+00:00;59.00;60.00;59.00
2024-11-28;22;100.00;0.06;-2.66;0.00;0.90;2024-11-28 22:00:00+01:00;11.00;256.00;4.00;252.00;2024-11-28 21:00:00+00:00;61.00;60.00;61.00
2024-11-28;23;100.00;0.06;-2.66;0.00;0.90;2024-11-28 23:00:00+01:00;11.00;167.00;3.00;164.00;2024-11-28 22:00:00+00:00;60.00;59.00;60.00
2024-11-29;0;NaN;NaN;NaN;NaN;NaN;NaN;NaN;NaN;NaN;NaN;2024-11-28 23:00:00+00:00;NaN;NaN;NaN
2024-11-29;1;NaN;NaN;NaN;NaN;NaN;NaN;NaN;NaN;NaN;NaN;2024-11-29 00:00:00+00:00;NaN;NaN;NaN
2024-11-29;2;NaN;NaN;NaN;NaN;NaN;NaN;NaN;NaN;NaN;NaN;2024-11-29 01:00:00+00:00;NaN;NaN;NaN
2024-11-29;3;NaN;NaN;NaN;NaN;NaN;NaN;NaN;NaN;NaN;NaN;2024-11-29 02:00:00+00:00;NaN;NaN;NaN
2024-11-29;4;NaN;NaN;NaN;NaN;NaN;NaN;NaN;NaN;NaN;NaN;2024-11-29 03:00:00+00:00;NaN;NaN;NaN
2024-11-29;5;NaN;NaN;NaN;NaN;NaN;NaN;NaN;NaN;NaN;NaN;2024-11-29 04:00:00+00:00;NaN;NaN;NaN
2024-11-29;6;NaN;NaN;NaN;NaN;NaN;NaN;NaN;NaN;NaN;NaN;2024-11-29 05:00:00+00:00;NaN;NaN;NaN
2024-11-29;7;NaN;NaN;NaN;NaN;NaN;NaN;NaN;NaN;NaN;NaN;2024-11-29 06:00:00+00:00;NaN;NaN;NaN
2024-11-29;8;NaN;NaN;NaN;NaN;NaN;NaN;NaN;NaN;NaN;NaN;2024-11-29 07:00:00+00:00;NaN;NaN;NaN
2024-11-29;9;NaN;NaN;NaN;NaN;NaN;NaN;NaN;NaN;NaN;NaN;2024-11-29 08:00:00+00:00;NaN;NaN;NaN
2024-11-29;10;NaN;NaN;NaN;NaN;NaN;NaN;NaN;NaN;NaN;NaN;2024-11-29 09:00:00+00:00;NaN;NaN;NaN
2024-11-29;11;NaN;NaN;NaN;NaN;NaN;NaN;NaN;NaN;NaN;NaN;2024-11-29 10:00:00+00:00;NaN;NaN;NaN
2024-11-29;12;NaN;NaN;NaN;NaN;NaN;NaN;NaN;NaN;NaN;NaN;2024-11-29 11:00:00+00:00;NaN;NaN;NaN
2024-11-29;13;NaN;NaN;NaN;NaN;NaN;NaN;NaN;NaN;NaN;NaN;2024-11-29 12:00:00+00:00;NaN;NaN;NaN
2024-11-29;14;NaN;NaN;NaN;NaN;NaN;NaN;NaN;NaN;NaN;NaN;2024-11-29 13:00:00+00:00;NaN;NaN;NaN
2024-11-29;15;NaN;NaN;NaN;NaN;NaN;NaN;NaN;NaN;NaN;NaN;2024-11-29 14:00:00+00:00;NaN;NaN;NaN
2024-11-29;16;NaN;NaN;NaN;NaN;NaN;NaN;NaN;NaN;NaN;NaN;2024-11-29 15:00:00+00:00;NaN;NaN;NaN
2024-11-29;17;NaN;NaN;NaN;NaN;NaN;NaN;NaN;NaN;NaN;NaN;2024-11-29 16:00:00+00:00;NaN;NaN;NaN
2024-11-29;18;NaN;NaN;NaN;NaN;NaN;NaN;NaN;NaN;NaN;NaN;2024-11-29 17:00:00+00:00;NaN;NaN;NaN
2024-11-29;19;NaN;NaN;NaN;NaN;NaN;NaN;NaN;NaN;NaN;NaN;2024-11-29 18:00:00+00:00;NaN;NaN;NaN
2024-11-29;20;NaN;NaN;NaN;NaN;NaN;NaN;NaN;NaN;NaN;NaN;2024-11-29 19:00:00+00:00;NaN;NaN;NaN
2024-11-29;21;NaN;NaN;NaN;NaN;NaN;NaN;NaN;NaN;NaN;NaN;2024-11-29 20:00:00+00:00;NaN;NaN;NaN
2024-11-29;22;NaN;NaN;NaN;NaN;NaN;NaN;NaN;NaN;NaN;NaN;2024-11-29 21:00:00+00:00;NaN;NaN;NaN
2024-11-29;23;NaN;NaN;NaN;NaN;NaN;NaN;NaN;NaN;NaN;NaN;2024-11-29 22:00:00+00:00;NaN;NaN;NaN
2024-11-29;0;100.00;0.06;-2.66;0.00;0.90;2024-11-29 00:00:00+01:00;11.00;94.00;1.00;93.00;2024-11-28 23:00:00+00:00;66.00;65.00;66.00
2024-11-29;1;100.00;-1.08;0.00;0.00;0.87;2024-11-29 01:00:00+01:00;11.00;55.00;1.00;54.00;2024-11-29 00:00:00+00:00;66.00;76.00;66.00
2024-11-29;2;100.00;-1.08;0.00;0.00;0.87;2024-11-29 02:00:00+01:00;11.00;32.00;0.00;32.00;2024-11-29 01:00:00+00:00;55.00;NaN;55.00
2024-11-29;3;100.00;-1.08;0.00;0.00;0.87;2024-11-29 03:00:00+01:00;11.00;39.00;5.00;34.00;2024-11-29 02:00:00+00:00;64.00;60.00;64.00
2024-11-29;4;100.00;-1.08;0.00;0.00;0.87;2024-11-29 04:00:00+01:00;11.00;58.00;4.00;54.00;2024-11-29 03:00:00+00:00;63.00;58.00;64.00
2024-11-29;5;100.00;-1.08;0.00;0.00;0.87;2024-11-29 05:00:00+01:00;11.00;121.00;7.00;114.00;2024-11-29 04:00:00+00:00;57.00;60.00;57.00
2024-11-29;6;100.00;-1.08;0.00;0.00;0.87;2024-11-29 06:00:00+01:00;11.00;188.00;9.00;179.00;2024-11-29 05:00:00+00:00;48.00;52.00;48.00
2024-11-29;7;100.00;-1.08;0.00;0.00;0.87;2024-11-29 07:00:00+01:00;11.00;395.00;11.00;384.00;2024-11-29 06:00:00+00:00;42.00;42.00;42.00
2024-11-29;8;100.00;-1.08;0.00;0.00;0.87;2024-11-29 08:00:00+01:00;11.00;418.00;10.00;408.00;2024-11-29 07:00:00+00:00;45.00;46.00;45.00
2024-11-29;9;100.00;-1.08;0.00;0.00;0.87;2024-11-29 09:00:00+01:00;11.00;412.00;16.00;396.00;2024-11-29 08:00:00+00:00;45.00;44.00;45.00
2024-11-29;10;100.00;-1.08;0.00;0.00;0.87;2024-11-29 10:00:00+01:00;11.00;489.00;22.00;467.00;2024-11-29 09:00:00+00:00;43.00;44.00;43.00
2024-11-29;11;100.00;-1.08;0.00;0.00;0.87;2024-11-29 11:00:00+01:00;11.00;537.00;16.00;521.00;2024-11-29 10:00:00+00:00;40.00;38.00;40.00
2024-11-29;12;100.00;-1.08;0.00;0.00;0.87;2024-11-29 12:00:00+01:00;11.00;524.00;15.00;509.00;2024-11-29 11:00:00+00:00;42.00;41.00;42.00
2024-11-29;13;100.00;-1.08;0.00;0.00;0.87;2024-11-29 13:00:00+01:00;11.00;540.00;17.00;523.00;2024-11-29 12:00:00+00:00;42.00;40.00;42.00
2024-11-29;14;100.00;-1.08;0.00;0.00;0.87;2024-11-29 14:00:00+01:00;11.00;491.00;7.00;484.00;2024-11-29 13:00:00+00:00;37.00;35.00;37.00
2024-11-29;15;100.00;-1.08;0.00;0.00;0.87;2024-11-29 15:00:00+01:00;11.00;454.00;14.00;440.00;2024-11-29 14:00:00+00:00;40.00;31.00;40.00
2024-11-29;16;100.00;-1.08;0.00;0.00;0.87;2024-11-29 16:00:00+01:00;11.00;542.00;21.00;521.00;2024-11-29 15:00:00+00:00;41.00;38.00;41.00
2024-11-29;17;100.00;-1.08;0.00;0.00;0.87;2024-11-29 17:00:00+01:00;11.00;523.00;15.00;508.00;2024-11-29 16:00:00+00:00;45.00;43.00;46.00
2024-11-29;18;100.00;-1.08;0.00;0.00;0.87;2024-11-29 18:00:00+01:00;11.00;548.00;8.00;540.00;2024-11-29 17:00:00+00:00;54.00;54.00;54.00
2024-11-29;19;83.00;-1.08;0.00;0.00;0.87;2024-11-29 19:00:00+01:00;11.00;461.00;7.00;454.00;2024-11-29 18:00:00+00:00;57.00;59.00;57.00
2024-11-29;20;83.00;-1.08;0.00;0.00;0.87;2024-11-29 20:00:00+01:00;11.00;394.00;7.00;386.00;2024-11-29 19:00:00+00:00;57.00;57.00;57.00
2024-11-29;21;100.00;-1.08;0.00;0.00;0.87;2024-11-29 21:00:00+01:00;11.00;306.00;9.00;297.00;2024-11-29 20:00:00+00:00;58.00;56.00;58.00
2024-11-29;22;100.00;-1.08;0.00;0.00;0.87;2024-11-29 22:00:00+01:00;11.00;316.00;6.00;310.00;2024-11-29 21:00:00+00:00;58.00;59.00;58.00
2024-11-29;23;100.00;-1.08;0.00;0.00;0.87;2024-11-29 23:00:00+01:00;11.00;239.00;9.00;230.00;2024-11-29 22:00:00+00:00;59.00;60.00;59.00
2024-11-30;0;NaN;NaN;NaN;NaN;NaN;NaN;NaN;NaN;NaN;NaN;2024-11-29 23:00:00+00:00;NaN;NaN;NaN
2024-11-30;1;NaN;NaN;NaN;NaN;NaN;NaN;NaN;NaN;NaN;NaN;2024-11-30 00:00:00+00:00;NaN;NaN;NaN
2024-11-30;2;NaN;NaN;NaN;NaN;NaN;NaN;NaN;NaN;NaN;NaN;2024-11-30 01:00:00+00:00;NaN;NaN;NaN
2024-11-30;3;NaN;NaN;NaN;NaN;NaN;NaN;NaN;NaN;NaN;NaN;2024-11-30 02:00:00+00:00;NaN;NaN;NaN
2024-11-30;4;NaN;NaN;NaN;NaN;NaN;NaN;NaN;NaN;NaN;NaN;2024-11-30 03:00:00+00:00;NaN;NaN;NaN
2024-11-30;5;NaN;NaN;NaN;NaN;NaN;NaN;NaN;NaN;NaN;NaN;2024-11-30 04:00:00+00:00;NaN;NaN;NaN
2024-11-30;6;NaN;NaN;NaN;NaN;NaN;NaN;NaN;NaN;NaN;NaN;2024-11-30 05:00:00+00:00;NaN;NaN;NaN
2024-11-30;7;NaN;NaN;NaN;NaN;NaN;NaN;NaN;NaN;NaN;NaN;2024-11-30 06:00:00+00:00;NaN;NaN;NaN
2024-11-30;8;NaN;NaN;NaN;NaN;NaN;NaN;NaN;NaN;NaN;NaN;2024-11-30 07:00:00+00:00;NaN;NaN;NaN
2024-11-30;9;NaN;NaN;NaN;NaN;NaN;NaN;NaN;NaN;NaN;NaN;2024-11-30 08:00:00+00:00;NaN;NaN;NaN
2024-11-30;10;NaN;NaN;NaN;NaN;NaN;NaN;NaN;NaN;NaN;NaN;2024-11-30 09:00:00+00:00;NaN;NaN;NaN
2024-11-30;11;NaN;NaN;NaN;NaN;NaN;NaN;NaN;NaN;NaN;NaN;2024-11-30 10:00:00+00:00;NaN;NaN;NaN
2024-11-30;12;NaN;NaN;NaN;NaN;NaN;NaN;NaN;NaN;NaN;NaN;2024-11-30 11:00:00+00:00;NaN;NaN;NaN
2024-11-30;13;NaN;NaN;NaN;NaN;NaN;NaN;NaN;NaN;NaN;NaN;2024-11-30 12:00:00+00:00;NaN;NaN;NaN
2024-11-30;14;NaN;NaN;NaN;NaN;NaN;NaN;NaN;NaN;NaN;NaN;2024-11-30 13:00:00+00:00;NaN;NaN;NaN
2024-11-30;15;NaN;NaN;NaN;NaN;NaN;NaN;NaN;NaN;NaN;NaN;2024-11-30 14:00:00+00:00;NaN;NaN;NaN
2024-11-30;16;NaN;NaN;NaN;NaN;NaN;NaN;NaN;NaN;NaN;NaN;2024-11-30 15:00:00+00:00;NaN;NaN;NaN
2024-11-30;17;NaN;NaN;NaN;NaN;NaN;NaN;NaN;NaN;NaN;NaN;2024-11-30 16:00:00+00:00;NaN;NaN;NaN
2024-11-30;18;NaN;NaN;NaN;NaN;NaN;NaN;NaN;NaN;NaN;NaN;2024-11-30 17:00:00+00:00;NaN;NaN;NaN
2024-11-30;19;NaN;NaN;NaN;NaN;NaN;NaN;NaN;NaN;NaN;NaN;2024-11-30 18:00:00+00:00;NaN;NaN;NaN
2024-11-30;20;NaN;NaN;NaN;NaN;NaN;NaN;NaN;NaN;NaN;NaN;2024-11-30 19:00:00+00:00;NaN;NaN;NaN
2024-11-30;21;NaN;NaN;NaN;NaN;NaN;NaN;NaN;NaN;NaN;NaN;2024-11-30 20:00:00+00:00;NaN;NaN;NaN
2024-11-30;22;NaN;NaN;NaN;NaN;NaN;NaN;NaN;NaN;NaN;NaN;2024-11-30 21:00:00+00:00;NaN;NaN;NaN
2024-11-30;23;NaN;NaN;NaN;NaN;NaN;NaN;NaN;NaN;NaN;NaN;2024-11-30 22:00:00+00:00;NaN;NaN;NaN
2024-11-30;0;100.00;-1.08;0.00;0.00;0.87;2024-11-30 00:00:00+01:00;11.00;214.00;5.00;209.00;2024-11-29 23:00:00+00:00;61.00;62.00;61.00
2024-11-30;1;100.00;0.08;0.00;0.00;0.92;2024-11-30 01:00:00+01:00;11.00;120.00;4.00;116.00;2024-11-30 00:00:00+00:00;65.00;66.00;65.00
2024-11-30;2;100.00;0.08;0.00;0.00;0.92;2024-11-30 02:00:00+01:00;11.00;88.00;2.00;86.00;2024-11-30 01:00:00+00:00;63.00;70.00;63.00
2024-11-30;3;100.00;0.08;0.00;0.00;0.92;2024-11-30 03:00:00+01:00;11.00;70.00;4.00;66.00;2024-11-30 02:00:00+00:00;60.00;57.00;60.00
2024-11-30;4;100.00;0.08;0.00;0.00;0.92;2024-11-30 04:00:00+01:00;11.00;57.00;7.00;50.00;2024-11-30 03:00:00+00:00;60.00;63.00;59.00
2024-11-30;5;100.00;0.08;0.00;0.00;0.92;2024-11-30 05:00:00+01:00;11.00;58.00;6.00;52.00;2024-11-30 04:00:00+00:00;57.00;60.00;57.00
2024-11-30;6;100.00;0.08;0.00;0.00;0.92;2024-11-30 06:00:00+01:00;11.00;70.00;8.00;62.00;2024-11-30 05:00:00+00:00;53.00;52.00;53.00
2024-11-30;7;100.00;0.08;0.00;0.00;0.92;2024-11-30 07:00:00+01:00;11.00;104.00;8.00;96.00;2024-11-30 06:00:00+00:00;49.00;52.00;49.00
2024-11-30;8;100.00;0.08;0.00;0.00;0.92;2024-11-30 08:00:00+01:00;11.00;190.00;5.00;185.00;2024-11-30 07:00:00+00:00;50.00;50.00;50.00
2024-11-30;9;100.00;0.08;0.00;0.00;0.92;2024-11-30 09:00:00+01:00;11.00;285.00;6.00;279.00;2024-11-30 08:00:00+00:00;47.00;47.00;47.00
2024-11-30;10;100.00;0.08;0.00;0.00;0.92;2024-11-30 10:00:00+01:00;11.00;434.00;15.00;419.00;2024-11-30 09:00:00+00:00;47.00;47.00;47.00
2024-11-30;11;100.00;0.08;0.00;0.00;0.92;2024-11-30 11:00:00+01:00;11.00;518.00;12.00;506.00;2024-11-30 10:00:00+00:00;46.00;46.00;46.00
2024-11-30;12;100.00;0.08;0.00;0.00;0.92;2024-11-30 12:00:00+01:00;11.00;525.00;13.00;512.00;2024-11-30 11:00:00+00:00;47.00;47.00;47.00
2024-11-30;13;100.00;0.08;0.00;0.00;0.92;2024-11-30 13:00:00+01:00;11.00;512.00;12.00;500.00;2024-11-30 12:00:00+00:00;47.00;46.00;47.00
2024-11-30;14;100.00;0.08;0.00;0.00;0.92;2024-11-30 14:00:00+01:00;11.00;532.00;8.00;524.00;2024-11-30 13:00:00+00:00;49.00;48.00;49.00
2024-11-30;15;100.00;0.08;0.00;0.00;0.92;2024-11-30 15:00:00+01:00;11.00;484.00;10.00;474.00;2024-11-30 14:00:00+00:00;47.00;47.00;47.00
2024-11-30;16;100.00;0.08;0.00;0.00;0.92;2024-11-30 16:00:00+01:00;11.00;489.00;12.00;477.00;2024-11-30 15:00:00+00:00;44.00;46.00;44.00
2024-11-30;17;100.00;0.08;0.00;0.00;0.92;2024-11-30 17:00:00+01:00;11.00;488.00;10.00;478.00;2024-11-30 16:00:00+00:00;45.00;46.00;45.00
2024-11-30;18;100.00;0.08;0.00;0.00;0.92;2024-11-30 18:00:00+01:00;11.00;484.00;11.00;473.00;2024-11-30 17:00:00+00:00;49.00;51.00;49.00
2024-11-30;19;100.00;0.08;0.00;0.00;0.92;2024-11-30 19:00:00+01:00;11.00;414.00;11.00;403.00;2024-11-30 18:00:00+00:00;51.00;51.00;51.00
2024-11-30;20;100.00;0.08;0.00;0.00;0.92;2024-11-30 20:00:00+01:00;11.00;376.00;14.00;362.00;2024-11-30 19:00:00+00:00;51.00;51.00;51.00
2024-11-30;21;100.00;0.08;0.00;0.00;0.92;2024-11-30 21:00:00+01:00;11.00;321.00;7.00;314.00;2024-11-30 20:00:00+00:00;52.00;53.00;51.00
2024-11-30;22;100.00;0.08;0.00;0.00;0.92;2024-11-30 22:00:00+01:00;11.00;265.00;3.00;262.00;2024-11-30 21:00:00+00:00;50.00;49.00;50.00
2024-11-30;23;100.00;0.08;0.00;0.00;0.92;2024-11-30 23:00:00+01:00;11.00;256.00;5.00;251.00;2024-11-30 22:00:00+00:00;49.00;48.00;49.00
